producer_id|performer_id|song_id|album_id
980303|677999|2823157|
12908|438|3046|19231
12908|498|2461219|150119
12908|665|2481759|471192
12908|498|2461241|150119
12908|665|715223|121955
12908|1462360|3860353|502394
12908|132|65806|17454
12908|1695396|713548|120512
12908|12908|3292023|400846
12908|37463|156373|57011
12908|1042|2171|5687
12908|16775|230407|104614
12908|665|141575|31791
12908|2358|2911563|221906
12908|1569564|3843671|458813
12908|12908|3694544|425747
12908|21871|282593|86755
12908|665|2925253|471192
12908|665|75752|31791
12908|665|3075614|471192
12908|1462360|3688736|502394
12908|23090|131653|19600
12908|438|503018|30980
12908|1715779|182|9960
12908|396565|3085702|344273
12908|14325|208935|36890
12908|16775|2843978|104614
12908|12908|3437047|400846
12908|1322459|3356741|450049
12908|396|57941|11426
12908|154390|3049901|
12908|820|144144|30268
12908|37463|229477|57011
12908|498|52814|32041
12908|1635275|4037296|482470
12908|665|1872595|121955
12908|12908|240118|313470
12908|160041|706296|119239
12908|665|2378766|121955
12908|20598|76181|24059
12908|1462360|3694071|502394
12908|4|131988|24685
12908|138906|3738644|
12908|610968|3060619|330004
12908|23090|136153|19600
12908|12908|3114977|
12908|130|3393236|
12908|654932|3737537|
12908|396|104713|25429
12908|665|823865|121955
12908|665|351830|101436
12908|4|54738|10768
12908|25005|581591|
12908|665|1363351|121955
12908|1631|304969|56768
12908|72045|488007|120512
12908|665|3194912|389176
12908|14325|208937|36890
12908|12908|1891266|
12908|721|182481|38245
12908|72045|713862|120512
12908|665|367571|471192
12908|665|190719|31791
12908|72045|517015|120512
12908|15496|380975|87311
12908|1086436|3965774|461782
12908|12908|3084593|
12908|27048|103717|25432
12908|276|640081|116859
12908|182|59230|11243
12908|27578|3010014|
12908|130|18074|2627
12908|14671|207822|
12908|665|1872606|121955
12908|357|298718|47327
12908|21034|76374|17678
12908|14186|70137|19036
12908|21871|2329616|349799
12908|23090|100999|19600
12908|665|181635|31791
12908|500|50956|13120
12908|1232354|3261712|372355
12908|396|3046479|152964
12908|330697|3312332|379909
12908|1044981|2454453|435200
12908|72045|554656|120512
12908|1044922|2288118|360680
12908|690350|4178994|457173
12908|14598|92112|21937
12908|51496|479514|108319
12908|1985|376566|
12908|23090|144008|19600
12908|665|2376417|121955
12908|12936|435477|38990
12908|665|579681|471192
12908|12908|3314337|380542
12908|276|649517|116859
12908|2032|71998|11289
12908|1498971|3360602|396971
12908|665|2244203|414788
12908|12908|3108268|400846
12908|14598|92832|21937
12908|23090|144026|19600
12908|1524161|3830071|364323
12908|2487|506466|105424
12908|16775|2475389|168271
12908|15379|63592|14325
12908|2032|4764|11289
12908|665|1790614|121955
12908|1462360|4050197|502394
12908|12908|3558096|400846
12908|400356|2404708|
12908|665|3082414|347066
12908|2487|450336|105424
12908|23090|140923|19600
12908|46|1415|9349
12908|12908|2287465|
12908|69141|59930|44087
12908|667|2134339|
12908|14325|214773|36890
12908|665|1872618|121955
12908|23090|144015|19600
12908|357|77734|17970
12908|1013851|2820819|223216
12908|1462360|4077696|458684
12908|23090|144037|19600
12908|23090|82846|19600
12908|21871|377040|86755
12908|21871|245167|86755
12908|665|3970702|471192
12908|15792|383304|313470
12908|1082|55717|
12908|540191|3902519|446597
12908|665|145029|31791
12908|665|140006|31791
12908|21871|379447|86755
12908|1023149|2894244|
12908|12936|440356|38990
12908|29499|410236|100678
12908|1451863|3424834|440631
12908|1042|124112|456704
12908|72045|707670|120512
12908|21871|392412|86755
12908|654|156712|452049
12908|1042|2840512|154517
12908|21871|377038|86755
12908|14598|93209|21937
12908|12908|3321434|493166
12908|23090|144024|19600
12908|665|2842462|
12908|555771|2836362|435585
12908|396|72690|
12908|21871|377039|86755
12908|665|3952917|460908
12908|665|3952929|460908
12908|72045|713963|120512
12908|2517|458228|111122
12908|680|2841715|164441
12908|276|640087|116859
12908|21871|376733|86755
12908|363619|3368088|
12908|1052|277345|59968
12908|156087|457027|104468
12908|124|3728|10820
12908|14186|83208|
12908|45349|2824959|441904
12908|11716|88153|17201
12908|409604|1868657|
12908|500|186267|22060
12908|12531|276829|
12908|30181|2417796|139616
12908|1240266|4179096|489533
12908|16775|3446599|
12908|665|2378308|121955
12908|1042|31548|5687
12908|43504|194175|40351
12908|48955|3780916|388201
12908|12936|441628|38990
12908|665|1872601|121955
12908|276|640046|116859
12908|12908|3523809|400846
12908|12908|3487857|400846
12908|48955|3780915|388201
12908|334508|3597822|303800
12908|498|398032|
12908|24364|123994|
12908|665|730985|121955
12908|21871|377046|86755
12908|665|2173007|
12908|12908|210563|48007
12908|21871|346599|86755
12908|665|3982473|460908
12908|553|92357|22513
12908|21871|377029|86755
12908|14598|93211|21937
12908|1043375|2928271|
12908|124|55387|11743
12908|12908|3865710|425747
12908|1042|577621|456704
12908|665|217435|31791
12908|1042|31542|5687
12908|326|72648|
12908|665|2402993|121955
12908|12908|4254865|502874
12908|665|66532|22393
12908|72045|713952|120512
12908|682378|2900635|288483
12908|23090|144030|19600
12908|24421|86676|20869
12908|1042|73836|11298
12908|48955|3780918|388201
12908|276|697355|116859
12908|665|145027|31791
12908|21110|2445504|141370
12908|665|81621|22393
12908|665|2836774|
12908|72045|713873|120512
12908|665|370212|101436
12908|1498971|3811605|
12908|16775|701649|
12908|327802|3908899|438909
12908|1045708|107833|26445
12908|1187943|3180990|366423
12908|21871|413985|86755
12908|640|50113|11491
12908|21871|392404|86755
12908|721|250387|38245
12908|540191|4001522|446597
12908|20598|136414|24059
12908|12908|3704143|
12908|14313|102690|25469
12908|665|2905368|
12908|72045|713958|120512
12908|1462360|3988579|458684
12908|16775|3127141|
12908|1187943|3219798|366423
12908|1042|118816|28531
12908|498|2467559|
12908|62578|2330595|131836
12908|1042|102116|11302
12908|1543829|3740627|438326
12908|1470026|3707897|
12908|682378|3986429|453328
12908|62578|2318846|131836
12908|665|3108246|347066
12908|21871|379462|86755
12908|21871|413978|86755
12908|1355|105476|16476
12908|1067444|2967550|
12908|21871|437401|86755
12908|396531|3740030|
12908|276|697344|116859
12908|1041874|2925343|
12908|712|31448|5668
12908|20598|1366949|342932
12908|665|394471|22393
12908|21788|2872313|370770
12908|665|426563|101436
12908|45349|3154094|
12908|665|92058|22393
12908|69141|269981|57294
12908|15788|2894049|156473
12908|721|404393|93935
12908|1042|68701|11742
12908|665|1321|22393
12908|1405|196986|40843
12908|1322459|3631882|
12908|1042|258956|11298
12908|12908|4295651|502874
12908|244|625|8801
12908|991529|2841924|
12908|1187943|3221221|366423
12908|276|697333|116859
12908|1187943|3221220|366423
12908|1187943|3221218|366423
12908|12908|962151|252219
12908|1058567|2954993|
12908|665|441311|471192
12908|1481552|3736796|438326
12908|1481552|3761431|438326
12908|21034|805527|17678
12908|276|697459|116859
12908|50175|522341|112495
12908|72045|2443891|
12908|21034|804836|17678
12908|12908|237278|48007
12908|12908|494729|313470
12908|1195|3126656|348780
12908|14598|66002|
12908|21034|804709|17678
12908|276|716001|221500
12908|12936|456582|
12908|21034|804530|17678
12908|132|81165|17454
12908|12936|2880063|
12908|2532|1432980|16771
12908|118|3290667|494148
12908|1432|163141|4377
12908|665|3321809|380542
12908|682343|2492518|158096
12908|1042|381214|5687
12908|326362|3971030|
12908|2532|3861910|448424
12908|15496|2097544|
12908|16775|2843982|104614
12908|350872|950960|215719
12908|1393274|3526257|
12908|665|1840256|22393
12908|997327|2850359|
12908|665|394481|31791
12908|2532|524142|16771
12908|2532|229661|16771
12908|12908|2935873|323667
12908|36123|3253055|
12908|1182|440771|206964
12908|665|673461|31791
12908|21717|2870929|229376
12908|1487670|3752381|
12908|1462360|3782446|
12908|665|307446|31791
12908|665|1840693|22393
12908|989495|3321805|380542
12908|67490|3249409|
12908|12908|4039977|
12908|276|640086|221500
12908|11106|413007|85446
12908|156087|2442381|127582
12908|665|1840672|22393
12908|654|79335|
12908|54283|2026662|127564
12908|12908|1854671|
12908|36123|3387717|380263
12908|1042|249578|28531
12908|1462360|4046164|488869
12908|452856|4254680|
12908|72045|3329729|382558
12908|2532|73409|16558
12908|153995|1547776|389524
12908|665|2917781|121955
12908|1042|1688876|5687
12908|665|782185|
12908|665|362167|31791
12908|1182|1595208|198562
12908|275474|1069219|221116
12908|12908|1851783|313470
12908|20598|1365605|
12908|1676|1830289|342595
12908|28059|691475|111999
12908|17853|1219219|18556
12908|657162|4062454|475531
12908|665|791433|22393
12908|12908|1952829|313470
12908|19457|192994|27457
12908|20185|3685088|
12908|72045|3192447|
12908|1195|3562456|407801
12908|7913|291487|44161
12908|665|3036414|
12908|1635275|4169784|
12908|665|514679|31791
12908|665|3130065|
12908|29499|3236151|158843
12908|237674|552864|113526
12908|665|3952928|460908
12908|12908|522461|313470
12908|132|123111|
12908|665|514672|31791
12908|1524161|3915988|
12908|350872|1241253|215719
12908|17853|965192|18556
12908|330697|3423590|
12908|234010|530390|112622
12908|59181|184022|38557
12908|665|204819|22393
12908|665|514663|31791
12908|21034|805066|17678
12908|497353|3147893|
12908|34198|1957843|
12908|28574|97342|23907
12908|665|1077133|22393
12908|1016322|812897|325203
12908|12908|2259547|252219
12908|665|3086648|
12908|12908|3813469|442009
12908|1042|1858420|28531
12908|609667|3912905|
12908|15496|2258063|
12908|1569564|4029528|
12908|26507|4103700|
12908|37463|2863761|57011
12908|12908|1798824|18715
12908|20765|275783|153477
12908|523216|1982582|325637
12908|665|1380733|31791
12908|276|3201189|363696
12908|21034|805799|17678
12908|45349|3651590|
12908|980644|3977619|
12908|665|2952697|
12908|149082|73497|
12908|354689|2163104|191395
12908|665|3952752|460908
12908|665|947334|22393
12908|25889|3019883|242754
12908|173231|416035|
12908|665|1647219|22393
12908|21034|804863|17678
12908|665|3321806|380542
12908|30181|514581|111943
12908|665|1840718|22393
12908|21034|805106|17678
12908|199409|3343664|384313
12908|1498971|3904690|
12908|665|3690678|424744
12908|1262|697241|119178
12908|12725|123166|13945
12908|523216|2857919|324994
12908|27359|665775|
12908|12908|1812763|323667
12908|1482302|4127450|475455
12908|350872|2231492|320256
12908|12908|1812691|
12908|665|791162|22393
12908|665|1854130|101436
12908|12908|1820518|
12908|11872|1295599|233631
12908|132|3237497|
12908|12908|53612|
12908|524696|2094704|
12908|523216|2869052|325635
12908|12908|2926556|252219
12908|665|2191816|22393
12908|994817|2846099|
12908|12908|2938051|252219
12908|276|2480526|221500
12908|203213|3249987|313702
12908|45349|3795914|
12908|665|2055399|22393
12908|72045|3405406|
12908|1903|3320205|323667
12908|25561|3880407|491316
12908|665|3430265|461735
12908|11395|3616432|
12908|665|1840175|31791
12908|12908|1782730|123964
12908|229234|2863572|
12908|12908|1850157|313470
12908|2380|96502|
12908|556113|1933476|154709
12908|276|3310048|221500
12908|27035|125084|
12908|12936|452713|
12908|45349|3795912|
12908|1569564|4077501|
12908|12908|1782736|123964
12908|1265021|3329916|
12908|354689|998459|191395
12908|2362|2065472|
12908|12908|1781007|123964
12908|12908|3813462|442009
12908|12908|727313|323667
12908|17853|3430351|
12908|72045|3329677|
12908|354689|1243237|191395
12908|12908|1780192|123964
12908|1195|3840675|348780
12908|72045|3329774|382565
12908|665|3456164|
12908|523216|2052542|325628
12908|1462360|4039585|
12908|25104|1446205|21511
12908|12908|1822282|
12908|12908|3813471|442009
12908|1045509|2932293|315433
12908|276114|4073559|
12908|363619|4155086|
12908|12908|2935944|123964
12908|276|3201125|363696
12908|661084|2833197|
12908|12908|2935890|323667
12908|665|3688337|424744
12908|1302|1841645|432931
12908|72045|3329686|382554
12908|12908|3742129|
12908|1462360|4046180|
12908|100310|3112263|
12908|665|3807803|
12908|117695|2462693|107295
12908|350872|3418550|320256
12908|332|3063339|
12908|15089|2853138|168284
12908|45349|3796554|
12908|234229|3437495|409789
12908|1123483|3106287|346254
12908|665|4034714|
12908|15809|522684|
12908|140352|481687|81535
12908|354689|1490537|191395
12908|12908|1798805|48007
12908|659929|2458742|149695
12908|72045|2867166|382562
12908|12908|2932298|
12908|72045|3329720|382558
12908|72045|2412918|
12908|354689|1255973|191395
12908|12908|1862433|313470
12908|12908|1803337|
12908|34047|383634|
12908|37879|137212|
12908|665|3180541|
12908|12908|2219863|323667
12908|665|3129953|
12908|22929|1932964|285267
12908|12908|1813290|
12908|354689|1524162|191395
12908|12908|2938197|252219
12908|269983|3204670|376308
12908|12908|3813477|442009
12908|12908|1854977|313470
12908|12908|2099516|
12908|350872|1114565|215719
12908|665|4154918|
12908|2005|3320209|323667
12908|350872|1809268|320256
12908|524696|3364977|386864
12908|665|1839976|31791
12908|1569564|4061123|
12908|12908|1813041|48007
12908|276|3803365|221500
12908|665|1845977|
12908|1498971|3914632|
12908|15792|1961514|313470
12908|12908|2193682|252219
12908|126054|2240691|74170
12908|154144|2866317|119829
12908|1029097|3111114|
12908|12908|3813465|442009
12908|350872|486317|215719
12908|12908|2066656|
12908|350872|3418596|320256
12908|72045|3329703|382554
12908|72045|3329772|382565
12908|15496|2217876|
12908|2073|1831483|386459
12908|276|3799703|221500
12908|48955|3999816|467183
12908|350872|3418581|320256
12908|276|3201205|363696
12908|72045|3329768|382565
12908|665|3686249|424744
12908|354689|1438572|191395
12908|1735951|4324858|502874
12908|72045|3329728|382558
12908|72045|3329760|382562
12908|276|3799719|221500
12908|665|1839956|22393
12908|665|3687452|424744
12908|350872|3418548|320256
12908|21034|3803642|440644
12908|1569564|4044872|
12908|72045|3329727|382558
12908|12908|1812730|
12908|1180570|3720611|388991
12908|72045|3329773|382565
12908|12908|1851304|313470
12908|354689|1123321|191395
12908|354689|1453952|191395
12908|350872|1343626|215719
12908|1298414|3832872|
12908|19451|562747|
12908|276|3804961|221500
12908|531707|3965628|462578
12908|12908|2221248|252219
12908|350872|3418560|320256
12908|665|1839872|31791
12908|37463|3100749|
12908|12908|2939906|252219
12908|228341|1794067|323667
12908|12908|2210013|
12908|12908|1798433|
12908|12908|3813468|442009
12908|72045|3329693|382554
12908|665|1840252|22393
12908|12908|3320185|252219
12908|665|1840176|22393
12908|665|3686270|424744
12908|72045|3329752|382562
12908|1676|2062341|323667
12908|459291|3320206|323667
12908|1569564|4092584|
12908|1450886|3659696|
12908|1498971|3914644|
12908|180797|561156|114873
12908|234641|2901646|138388
12908|48955|3999818|486514
12908|12908|214227|
12908|178076|424124|100681
12908|72045|3329775|382565
12908|350872|1111899|215719
12908|350872|3418555|320256
12908|665|1972832|
12908|158354|387347|89495
12908|1195|4058709|
12908|72045|3329701|382554
12908|665|3476653|
12908|12908|2209024|
12908|72045|3329781|382565
12908|665|3686259|424744
12908|1166613|3334465|382854
12908|350872|926976|215719
12908|12908|4324868|502874
12908|1592133|4027635|
12908|24421|2004882|342598
12908|72045|3329694|382554
12908|665|2258059|22393
12908|665|3071811|342604
12908|1572225|3950298|460482
12908|72045|3329700|382554
12908|12908|3320207|323667
12908|12908|4324872|502874
12908|350872|3418522|320256
12908|48955|3999815|467183
12908|350872|3418576|320256
12908|12908|2939891|252219
12908|32055|1826514|
12908|12908|4262695|
12908|118930|322256|
12908|1180921|3436875|
12908|72045|4283062|501334
12908|45349|4189188|
12908|72045|3329702|382554
12908|354689|3365205|191395
12908|1345354|4016103|469248
12908|531707|3959789|461737
12908|12908|4324873|502874
12908|1549701|3889966|452119
12908|350872|3418565|320256
12908|1447550|4283064|501334
12908|640637|3320208|323667
12908|36385|269785|
12908|665|3623295|
12908|27709|3431086|392895
12908|1717715|4283058|501334
12908|48955|4141914|486514
12908|12908|3320186|252219
12908|72045|4141243|
12908|72045|3329759|382562
12908|523843|2189866|
12908|1108151|3870504|
12908|574363|3158513|355368
12908|609895|4251198|498013
12908|12908|1479386|
12908|531081|3087263|
12908|1546094|3881318|
12908|8359|2947039|323667
12908|244724|4211000|
12908|129871|4262143|499086
12908|15496|4235524|
12908|178968|2270823|
12908|1693222|4220792|495033
12908|721|2205384|
12908|126411|4326463|
1628850|1628850|3828011|494564
1628850|1628850|4143852|
1628850|405214|4174138|
1628850|1628850|4253641|
49698|72|2421668|120604
49698|47589|3258567|410838
49698|1628850|3828011|494564
49698|2358|2911557|221906
49698|1632|2494666|156121
49698|609667|3088967|
49698|2358|2475085|221906
49698|20185|2849775|151943
49698|2358|2911560|221906
49698|1464821|3720982|425948
49698|72|703628|
49698|11395|2372678|133170
49698|2358|2911567|221906
49698|228636|2974582|334524
49698|49698|3059562|165113
49698|228636|3069711|334524
49698|17491|3173852|361269
49698|28906|4135780|472385
49698|72|2439766|120604
49698|1020|3245236|349580
49698|111|351361|
49698|56|3780052|429552
49698|1237094|3734359|431492
49698|1322459|3356741|450049
49698|228636|3069735|334524
49698|56|3721008|429552
49698|46043|2817345|220190
49698|1632|2414510|106177
49698|21871|3060213|
49698|46043|3091392|479531
49698|1632|3317418|106177
49698|49698|2844173|165113
49698|1631|514726|116549
49698|25561|528228|110261
49698|26507|487490|107154
49698|1002172|3471122|
49698|196015|462867|122508
49698|25005|705922|484354
49698|72|2415045|120604
49698|49698|716144|381514
49698|49698|2948443|165113
49698|15369|2457846|140224
49698|46043|2866777|220190
49698|228636|3016257|334524
49698|28906|4121249|472385
49698|278|525753|
49698|446|2108807|124197
49698|72|2424551|
49698|1052|2832312|162124
49698|1632|2828361|156121
49698|45349|499525|110738
49698|21712|3183230|366264
49698|49698|2823830|165113
49698|1632|2830738|156121
49698|1632|3511885|366904
49698|46043|2854778|220190
49698|612905|3896358|410544
49698|1020|3875865|494564
49698|45349|684940|110738
49698|49698|3039208|165113
49698|25561|710112|110261
49698|1405|3025056|342706
49698|49698|2891432|
49698|20576|2452377|223053
49698|49698|3059572|165113
49698|130|3131759|128797
49698|46043|3401969|390526
49698|196015|2038789|122508
49698|49698|2906928|165113
49698|49698|3059578|165113
49698|49698|2470894|
49698|17491|3321006|
49698|2358|2906771|
49698|49698|3059575|165113
49698|20576|2873934|223053
49698|28906|4139977|472385
49698|1632|2841304|156121
49698|49698|3059568|165113
49698|28906|4139974|472385
49698|16775|3127141|
49698|1632|2841294|156121
49698|25561|1930919|
49698|28906|4139969|472385
49698|46043|3401979|390526
49698|17491|3292360|
49698|276414|3694032|
49698|46043|2867049|220190
49698|1322459|3631882|
49698|1032508|4303647|
49698|2358|3990320|
49698|535|2387940|128868
49698|49698|3059581|165113
49698|18469|556163|
49698|21871|3118305|365565
49698|49698|1121892|165274
49698|46043|3401978|390526
49698|2358|2926052|
49698|45349|2959911|
49698|104044|3202751|
49698|228636|3138641|
49698|49698|1980493|165273
49698|41393|572087|114694
49698|45349|2547221|
49698|1893|3209019|457039
49698|17491|3193359|
49698|49698|3039762|
49698|49698|1347458|165273
49698|1893|3209024|457039
49698|8031|150583|33489
49698|438|3106733|
49698|21712|3253399|499864
49698|49698|2008557|165273
49698|45349|3239760|110738
49698|26507|3925558|
49698|228636|4268112|488527
49698|17491|3334422|
49698|1152276|3322233|381529
49698|45349|1805637|110738
49698|446|3613652|
49698|228636|4243138|488527
49698|49698|2992185|165274
49698|49698|1981448|165273
49698|17853|3430351|
49698|56|4050842|474052
49698|21871|3213680|365565
49698|1042625|2926698|
49698|562950|3232592|
49698|1450|3677970|
49698|229234|2855851|220391
49698|17491|3334425|
49698|49698|3474594|
49698|167762|3821801|443143
49698|21871|3213696|365565
49698|21871|3213727|365565
49698|49698|2992182|165274
49698|17491|3334427|
49698|49698|3203248|
49698|49698|2992186|165274
49698|194090|483397|107773
49698|275494|3321834|
49698|157883|1930143|
49698|275494|3434917|381455
49698|32195|607953|116091
49698|16775|4137976|
49698|49698|4189107|381514
49698|25561|4202020|491360
49698|383780|3750918|224174
49698|49698|3465190|
49698|25561|4212378|491360
49698|49698|4006072|
49698|14575|2015621|125328
49698|136824|747621|123418
49698|620764|3550575|165579
49698|78446|3174586|359277
49698|1042036|3381467|309849
49698|14575|2026694|
49698|140583|3167276|357131
49698|139785|500386|107452
49698|1394074|3527452|
649283|2|24458|4069
41489|16751|146864|29884
41489|451813|594280|125298
41489|16751|2468090|150853
41489|16751|146915|29884
41489|16751|2339009|150853
41489|16751|2472237|150853
41489|16751|2472231|150853
41489|16751|128452|29884
41489|16751|2472240|150853
41489|69|2924244|309072
41489|16751|2472239|150853
41489|16751|2472220|150853
41489|16751|66831|15144
41489|16751|3847670|446915
41489|4|212840|41879
41489|451813|1930933|125298
41489|16751|3847664|446915
41489|451813|1930935|125298
41489|16751|543095|
41489|16751|2392690|
41489|451813|1930942|125298
41489|36436|2475951|30528
41489|18814|2486606|152410
41489|16751|417440|
41489|16751|386592|
41489|451813|1930932|125298
41489|451813|1930931|125298
41489|16751|71140|15144
41489|15496|378485|87311
41489|451813|1930938|125298
41489|451813|1930936|125298
41489|158|3117587|330126
41489|451813|1930939|125298
41489|41489|3796135|
41489|451813|1930944|125298
41489|69361|2819232|152024
41489|451813|1930943|125298
41489|451813|1930941|125298
41489|18814|226931|33775
41489|1022083|3025391|
41489|1029656|2899286|288227
41489|16751|705043|
41489|18814|229859|33775
41489|451813|1930946|125298
41489|18814|229808|33775
41489|18814|229854|33775
41489|16751|2820443|
41489|69361|2819205|152024
41489|36436|2462144|30528
41489|18814|230355|33775
41489|874227|2881345|223101
41489|36436|2481796|30528
41489|69361|2819267|152024
41489|16751|2925129|
41489|41479|3430024|373330
41489|68659|1834249|
41489|36436|2482717|30528
41489|36436|2486313|30528
41489|41479|3267467|373330
41489|547753|2884886|245833
41489|16751|3203738|364213
41489|69361|3202407|152024
41489|18814|2287459|
41489|8231|672138|117617
41489|157974|389220|
41489|8231|671964|117617
41489|68659|212360|117358
41489|16629|161811|32410
41489|31482|491546|109975
41489|206433|3380563|
41489|41479|2817577|158220
41489|41479|3430051|373330
41489|19533|3889749|459845
41489|16751|3660683|421306
41489|84032|278061|224416
41489|333746|2468062|151475
41489|13202|2401490|
41489|44383|2466996|151210
41489|31482|501803|109975
41489|41489|3107296|
41489|31482|508785|109975
41489|31482|508800|109975
41489|31482|501788|109975
43747|69|599427|115138
43747|264368|2880495|
43747|3|650539|116088
43747|326|86035|15777
43747|3|650353|116088
43747|182|59225|11243
43747|1403|55126|3993
43747|11353|65781|11712
43747|103654|2869913|158716
43747|108|1765|130
43747|882|2023811|104569
43747|42|2860588|157040
43747|1403|96679|3993
43747|11353|78117|11712
43747|75|56654|13807
43747|882|231021|36137
43747|42|2515467|155334
43747|11353|129219|11712
43747|1403|70032|27133
43747|471|40628|8848
43747|34|3222743|155825
43747|23681|214028|44206
43747|108|7107|159
43747|730|53194|10903
43747|2049|146657|20167
43747|28528|100596|23885
43747|332649|2393958|
43747|42|102500|31773
43747|1917|57270|11776
43747|228329|518580|114078
43747|810|77956|15642
43747|1223598|3245898|
43747|176857|669953|117826
43747|67601|1931294|
43747|75|1832886|13807
43747|730|133884|24893
43747|976|43789|9544
43747|51881|173424|34508
43747|245|2046699|10964
43747|25187|89075|21595
43747|2902|9933|776
43747|69|4254018|422853
43747|281744|2251073|323868
43747|1622001|4262033|
5898|12417|102526|16312
5898|14717|348711|43786
5898|1583|140860|17522
5898|1583|118027|17522
5898|1583|3145496|352348
5898|1277050|4080406|475025
5898|30192|2413008|134900
5898|310|489838|42848
5898|117|2376203|354527
5898|85|92557|25420
5898|1319|75263|18084
5898|15369|197830|29526
5898|358|58017|13433
5898|310|100685|16503
5898|12417|113471|
5898|498|56878|11096
5898|326|69366|15777
5898|148|2549|7130
5898|1156400|3121486|422407
5898|82|1159|
5898|1302|5026|19117
5898|73|32251|12707
5898|12417|3739706|395779
5898|5898|269251|57177
5898|13|3201633|363918
5898|88|74269|12560
5898|5898|355911|
5898|2578|110785|12108
5898|4|1154|11095
5898|117|732840|
5898|5898|382656|57177
5898|83|75260|
5898|30192|384286|84808
5898|491|484546|112325
5898|671|59710|15588
5898|111|89736|17295
5898|326|3001145|331096
5898|1631|156800|34325
5898|4|212891|41879
5898|30192|616877|115106
5898|1583|173289|
5898|13|3201636|363918
5898|1583|151963|17522
5898|1583|208002|
5898|272|216766|44955
5898|30192|637714|115106
5898|282|193560|
5898|5897|61973|12057
5898|12404|2153465|126819
5898|643|2370722|136812
5898|310|2416522|140822
5898|14717|71876|215741
5898|326|86270|15777
5898|132|161243|6233
5898|82|38116|
5898|132|2866383|6233
5898|132|86319|17454
5898|1583|155654|17522
5898|5898|1778267|
5898|187600|2844657|267446
5898|132|419860|6233
5898|498|152218|11096
5898|326|3030034|331096
5898|148|225663|29333
5898|1583|98535|22444
5898|740|829432|219947
5898|326|2379521|138736
5898|132|32913|309814
5898|148|5836|7130
5898|759|115400|6234
5898|132|72586|6544
5898|44080|347909|
5898|1583|145216|
5898|44571|544290|
5898|1061734|3530448|402850
5898|5898|723865|122588
5898|14717|58775|215741
5898|498|152213|11096
5898|22519|2445226|492030
5898|34313|108071|109431
5898|2197|71606|16305
5898|1583|241258|
5898|1061734|3510735|402850
5898|8609|603133|89190
5898|1583|3916334|
5898|5898|360751|220362
5898|1001|341581|77033
5898|4|53476|
5898|132|82420|17454
5898|1397|2832362|160547
5898|236338|722493|121407
5898|1302|72766|
5898|498|152214|11096
5898|438|87474|1551
5898|132|78170|17454
5898|5898|522335|111493
5898|453|180108|35724
5898|5898|1868714|122588
5898|89448|2848577|165988
5898|14717|211831|215741
5898|5898|1783565|122588
5898|2046|239615|406811
5898|88|108819|27057
5898|848|59925|
5898|326|2379547|138736
5898|5898|1088800|122588
5898|103654|2322544|131341
5898|5283|704493|
5898|1302|171766|29951
5898|1061734|3124931|402850
5898|5898|527268|
5898|1302|193332|19117
5898|92|352048|
5898|358|3039297|229557
5898|5898|1868716|122588
5898|1552|741435|31789
5898|5898|1868725|122588
5898|73|74951|12707
5898|491|4126813|495085
5898|257|1872839|122541
5898|1061734|3524554|402850
5898|5437|71051|13934
5898|5898|2856920|
5898|83|19716|3053
5898|5898|1868739|122588
5898|5898|1868712|122588
5898|148|4112|7130
5898|148|5050|7130
5898|85|71713|9959
5898|1061734|3521395|402850
5898|5898|1868744|122588
5898|5898|2029404|
5898|12295|740651|
5898|1061734|3522214|402850
5898|132|83134|17454
5898|5898|1868728|122588
5898|1583|3784272|414254
5898|378264|2446982|333836
5898|950|1590828|493568
5898|272|587880|115233
5898|83|488190|
5898|1896|32020|6023
5898|5898|274762|
5898|350633|2179459|181410
5898|740|76020|
5898|5898|508454|111493
5898|111560|2104715|125564
5898|132|426492|6233
5898|132|421279|17454
5898|5898|1868724|122588
5898|31349|3592615|393817
5898|8576|88647|
5898|282|261563|30562
5898|66863|340509|42883
5898|38938|3678398|409843
5898|1001|1319085|77033
5898|78810|1860697|138628
5898|1266|239337|48317
5898|5898|508423|111493
5898|195320|2454705|361954
5898|1057|73583|6099
5898|5898|532918|
5898|1425|1364027|20493
5898|196|1214664|192422
5898|5898|1868741|122588
5898|5898|2402188|
5898|1501865|3784253|414254
5898|132|954679|6233
5898|498|896842|
5898|438|654000|1549
5898|5898|508469|111493
5898|1081|391808|18376
5898|370100|1973086|190928
5898|1177|3024697|
5898|282|277822|30562
5898|1425|2319764|20493
5898|148|35260|7130
5898|35041|1423992|155265
5898|5898|4123376|484024
5898|5898|528787|111493
5898|350633|1802271|181410
5898|23074|82793|
5898|5898|546699|
5898|5898|1868720|122588
5898|1081|20079|3132
5898|350633|1603501|181410
5898|1302|193320|19117
5898|257|2422004|
5898|5898|4123392|484024
5898|66863|340471|42883
5898|5897|1624537|12057
5898|15273|87738|111993
5898|83|75326|3046
5898|9688|1742056|112886
5898|74866|487075|46745
5898|5898|409621|57177
5898|1583|3838369|
5898|11762|266891|15194
5898|5897|1556861|12057
5898|1425|1459402|20493
5898|17735|3284151|
5898|49728|219407|45513
5898|5437|2144418|13934
5898|83|599982|
5898|350633|1821070|502571
5898|671|1930160|
5898|5898|443479|57177
5898|1302|193326|19117
5898|358|68484|13433
5898|132|501913|6233
5898|5437|2144433|13934
5898|148|965901|7130
5898|5897|922404|12057
5898|5898|2314549|
5898|73|989589|11957
5898|5898|508516|111493
5898|5898|566055|111493
5898|1630|1211242|383344
5898|148|35257|7130
5898|2052|355892|6372
5898|740|829422|219947
5898|282|1024924|30562
5898|5898|509558|
5898|274488|2171452|125953
5898|25950|96792|22280
5898|933|795816|22698
5898|148|1244189|7130
5898|73|963270|11957
5898|220687|502903|410933
5898|1425|2320915|20493
5898|628|1449072|7578
5898|83|19725|3053
5898|5897|1543063|12057
5898|1061734|3201031|
5898|5898|545744|111493
5898|73|1247879|12707
5898|8609|1718879|89190
5898|5898|4123421|484024
5898|8576|136568|
5898|5898|513629|57177
5898|47545|4290052|502797
5898|993071|4150034|
5898|64|3614086|350784
5898|5898|4123420|484024
5898|5898|2894700|287308
5898|220687|1934607|410933
5898|5898|2894634|287308
5898|5898|4123366|484024
5898|358|766000|13433
5898|35041|1168561|155265
5898|282|233395|
5898|5437|2144425|13934
5898|959666|4142954|
5898|1818|2602593|127806
5898|282|1615609|30562
5898|2675|821878|30669
5898|5898|4123411|484024
5898|17913|563329|20891
5898|5898|2447548|
5898|7599|184671|
5898|1302|193338|432930
5898|5898|4123397|484024
5898|2046|526374|
5898|5898|374382|
5898|1266|609511|116183
5898|1075|2467150|20982
5898|1061734|3122114|
5898|378264|3126519|333836
5898|1266|106406|
5898|1395269|3529753|
5898|458|153100|32912
5898|90978|306265|58146
5898|1054071|3296838|444433
5898|378264|3126518|333836
5898|1302|1841645|432931
5898|187600|3232403|
5898|1001|3087921|360049
5898|5898|4123399|484024
5898|362551|2005637|
5898|5898|357664|220362
5898|5898|546682|
5898|35041|1384363|155265
5898|378264|3126530|333836
5898|132|3515806|
5898|117|3152390|354527
5898|5898|733401|
5898|35041|1105587|155265
5898|1266|437609|100539
5898|22572|81234|
5898|35041|923078|155265
5898|5898|4123409|484024
5898|96482|274600|
5898|5898|2855704|220362
5898|5898|4123402|484024
5898|378264|3126523|333836
5898|5898|4123414|484024
5898|5898|2894659|287308
5898|373060|1108362|148059
5898|378264|3126522|333836
5898|1266|3264629|372870
5898|5898|376586|
5898|373060|1159787|148059
5898|5898|4123417|484024
5898|37247|1706693|229420
5898|31113|1653046|88392
5898|5898|2895605|
5898|282|150544|
5898|350633|3088740|502571
5898|2439|767752|12209
5898|35041|1465382|155265
5898|5898|4123423|484024
5898|5897|2011655|
5898|378264|3123732|333836
5898|7599|489138|22243
5898|1266|437922|100539
5898|317426|808741|138832
5898|378264|3126524|333836
5898|378264|3066625|151501
5898|7599|489140|22243
5898|5898|2056150|
5898|1302|3747971|432930
5898|35041|1338305|155265
5898|272|4272347|
5898|1302|3747970|432930
5898|636802|2900870|
5898|7599|489141|22243
5898|1266|2306079|116183
5898|1443326|2821321|
5898|16436|200063|41409
5898|8576|136563|
5898|5898|508514|111493
5898|1054071|3296805|444433
5898|6757|3222342|496158
5898|112968|304755|
5898|236338|4287570|
5898|8390|4243510|498353
5898|157144|4268515|499826
5898|157144|4268645|499823
5898|1299220|4306651|503795
5898|350633|4294950|502571
643405|20185|3876994|152654
643405|241761|2451433|229329
643405|228636|3069729|334524
643405|8371|2868727|222983
643405|446|3209510|370602
643405|20185|2849775|151943
643405|20185|3876992|152654
643405|630470|3992026|429215
643405|9932|4027736|461759
643405|123|2270748|128418
643405|11395|3315416|350172
643405|2069|3105140|344158
643405|139478|3526811|399560
643405|498793|3643610|472768
643405|566912|3481525|388614
643405|1524161|3830071|364323
643405|1211|3591039|411693
643405|1519|3146262|351502
643405|491|3263372|371373
643405|212741|3889537|499168
643405|491|3263361|371373
643405|139478|3526806|399560
643405|580637|3491887|398781
643405|139478|3490832|399560
643405|557045|3558110|407211
643405|212741|3370026|395305
643405|241761|2875974|229329
643405|580637|3211768|361750
643405|1651426|4039419|
643405|581768|3312117|
643405|580637|4296807|476635
643405|15071|3996392|
643405|48185|4157497|488581
643405|29270|3355351|380211
643405|5763|3324363|400314
643405|456503|3902008|453767
643405|228636|3261205|372752
643405|14628|2920731|351858
643405|580637|4260467|476635
643405|446|3662081|421428
643405|1142386|3904205|451607
643405|1142386|3901870|451607
643405|228636|3263846|372752
643405|549616|3226405|
643405|228636|3263820|372752
643405|1981|2952446|322645
643405|20185|4284496|
643405|228636|3263875|372752
643405|446|3575029|
643405|1292660|3383845|
643405|549616|3263441|
643405|228636|3263887|372752
643405|523216|2370828|432984
643405|577809|3631041|417264
643405|498793|3875721|
643405|47281|3301646|378533
643405|660075|4141695|
643405|47281|3301649|378533
643405|47281|3301648|378533
643405|47281|3301643|378533
643405|1508683|4074528|477288
643405|47281|3301650|378533
35355|45|3930546|457633
35355|16690|711649|122441
35355|1572772|3944360|395433
35355|1665|3937522|461649
35355|45|3930563|457633
35355|396531|2475713|152502
35355|396565|2431237|
35355|396565|3361009|386503
35355|1069179|3244970|393565
35355|646901|3091079|335313
35355|566912|3078863|
35355|396565|3360875|386503
35355|1124097|3887979|456145
35355|654932|3023327|370526
35355|654932|3121471|370526
35355|396565|3249996|386503
35355|396565|3394695|
35355|16690|2416243|146177
35355|16690|2413809|
35355|1069179|3441937|
35355|16690|110341|38857
35355|14598|3798091|379350
35355|16690|2436592|146177
35355|16690|2436642|146177
35355|646901|3253905|335313
35355|396565|3299779|386503
35355|16690|2424612|146177
35355|654932|2906194|
35355|1069179|3244973|
35355|396531|4074631|465959
35355|646901|3254308|335313
35355|16690|213550|38857
35355|989525|3600862|402081
35355|16690|3285909|363981
35355|16690|2436621|146177
35355|16690|3285921|363981
35355|192744|3573702|365818
35355|16690|2436600|146177
35355|646901|3150289|335313
35355|654932|3261781|370526
35355|654932|2946868|
35355|396531|2483655|
35355|1665|3969692|461649
35355|22853|2459897|149862
35355|35355|3527768|376841
35355|1572772|3989785|
35355|646901|3405290|
35355|35355|3540407|376841
35355|396565|3491867|
35355|646901|3253521|335313
35355|1426519|3599267|432250
35355|16690|736645|122441
35355|16690|213245|38857
35355|16690|3101657|347078
35355|234513|3081228|343967
35355|16690|2411025|
35355|396531|3368091|351623
35355|72|3957716|462441
35355|1353144|2715174|
35355|646901|3328491|
35355|35355|2412572|
35355|626678|3693655|160562
35355|197704|3489510|340334
35355|646901|3044987|
35355|22853|3090980|328290
35355|646901|3253522|335313
35355|248458|3295280|369778
35355|6412|3971626|
35355|959257|2873674|309469
35355|16690|2436640|146177
35355|16690|3201248|
35355|1257119|3533396|412474
35355|396531|2862187|
35355|35355|2904217|
35355|16690|2933230|
35355|35355|3290283|376841
35355|16711|4087897|
35355|1120888|3600655|408353
35355|234513|3179953|
35355|22853|2473956|149862
35355|1409140|3560320|
35355|82581|3013674|334623
35355|646901|3253524|335313
35355|646901|3253523|335313
35355|346237|3982847|460829
35355|334508|3328843|289161
35355|22853|2473955|149862
35355|234513|3243547|368022
35355|22853|2473952|149862
35355|646901|3142919|
35355|988514|3682038|402166
35355|1325180|4121800|
35355|72|4128285|462441
35355|989525|3622500|402081
35355|328394|3264336|373382
35355|396565|3576820|
35355|16690|2808638|
35355|38638|760204|154749
35355|22853|3090992|328290
35355|22853|2473953|149862
35355|774115|709799|156788
35355|1558190|3505319|
35355|35355|3407821|
35355|74105|686905|46442
35355|16690|3245424|410674
35355|35355|3540423|376841
35355|13046|3123010|
35355|243158|2963229|
35355|579351|2960544|
35355|334508|3625163|303800
35355|74105|2846837|46442
35355|1285895|4005320|467424
35355|1285895|4005324|467424
35355|35355|3540401|376841
35355|35355|3540390|376841
35355|22853|3037070|328290
35355|35355|3540387|376841
35355|16690|2171380|
35355|192744|3829716|439553
35355|334508|3279378|
35355|1069179|3822919|
35355|243158|2393952|402721
35355|89568|291708|54665
35355|549227|2821625|378001
35355|1016187|3220583|243173
35355|35355|3540411|376841
35355|32442|2746628|
35355|243158|2380865|402721
35355|35355|4087188|443058
35355|248458|4033103|430893
35355|31861|3007418|333500
35355|234440|3034393|
35355|182312|3746413|465349
35355|35355|3540421|376841
35355|35355|3540408|376841
35355|35355|3540419|376841
35355|1001615|3148906|
35355|11932|2858883|221052
35355|38638|2852885|88413
35355|230721|3247389|
35355|243158|2478810|402721
35355|1254513|3444474|379286
35355|1038275|3990421|
35355|396565|3337816|
35355|654932|3436579|
35355|1045990|3494270|419142
35355|19084|1780374|122741
35355|1338480|3542243|
35355|31860|3707889|
35355|646901|3800542|389981
35355|520363|4182648|
35355|339757|4039072|
35355|243158|3039075|
35355|988514|3472313|
35355|19084|2830067|140882
35355|1187870|3568611|422129
35355|1375749|3520745|402762
35355|15770|3021783|335294
35355|35355|3821139|
35355|976196|3129745|
35355|654589|4229722|402419
35355|566912|3321772|493758
35355|105645|3105129|
35355|16691|2273956|126832
35355|243158|2869510|402721
35355|646901|4020370|
35355|148860|2416516|143839
35355|671323|2876716|
35355|1635995|4087061|478836
35355|15770|3016416|335294
35355|1147553|3514008|422476
35355|11932|3820910|442835
35355|557625|3573358|409262
35355|1050550|3215328|366115
35355|988514|4205920|
35355|1093943|3507905|
35355|35355|3905398|443058
35355|124117|2869496|
35355|1194|3644541|
35355|14460|3900291|453614
35355|396565|4151381|471489
35355|1257119|4047527|412474
35355|74105|2397609|46442
35355|182049|3330163|396888
35355|35355|2979186|328904
35355|1498084|3960735|461895
35355|654932|4289500|
35355|665283|3055207|340138
35355|1257119|3601803|412474
35355|204960|4079074|477827
35355|1237094|4153684|
35355|1713012|3439981|394663
35355|35355|3594937|
35355|35355|3510996|
35355|16690|3819733|442850
35355|1235738|3164563|356428
35355|35355|2976117|328904
35355|334413|3951977|
35355|1306574|3699511|
35355|1066479|4073202|
35355|124117|2918789|
35355|1105370|3203383|
35355|1105370|3171527|
35355|31860|291542|63691
35355|243158|2906116|
35355|1016187|3734334|431206
35355|35355|3508647|
35355|51170|2166498|127382
35355|1275151|3450277|398345
35355|35355|3821100|
35355|209139|3786783|484808
35355|1258579|3315365|
35355|16690|2459327|
35355|182049|3466101|396888
35355|182049|3466103|396888
35355|396531|3854655|
35355|1568234|3933642|458054
35355|35355|3060938|
35355|31861|3739563|333500
35355|570738|3558586|
35355|35355|4178240|
35355|35355|3978847|443058
35355|1635995|4186516|491572
35355|35355|4047953|
35355|1147553|3685986|422476
35355|1175809|3334519|
35355|1511294|3805152|
35355|35355|2951860|
35355|148860|3630764|417116
35355|1118226|3053946|
35355|182049|3466102|396888
35355|161407|3918248|
35355|35355|2951855|
35355|36862|521287|
35355|182049|3484193|396888
35355|572103|3405348|390962
35355|1185172|3175730|359633
35355|148860|2421688|
35355|1109672|4049478|
35355|1066479|4067322|
35355|1183285|3413780|
35355|1312296|3509151|
35355|646901|3977717|
35355|1167074|3807851|
35355|1261938|3322742|
35355|1030521|2907424|289828
35355|1399485|3539749|
35355|1143611|4112686|444344
35355|1522595|3832736|444167
35355|946380|3799509|
35355|1091109|3211682|
35355|1498521|3777737|497219
35355|1574812|3949443|460391
35355|182691|4179571|490853
35355|1700231|4236867|
35355|1221718|3242560|
35355|958210|4263896|
35355|16697|416559|98660
35355|1599427|4284790|490440
35355|1343560|3474345|
35355|1453721|3666931|
35355|1194354|3710412|
35355|646901|3604447|
35355|1512100|3806308|441027
35355|1557131|3907993|
35355|1369197|3560525|400054
35355|24563|4296442|502751
35355|1652685|4124557|
35355|1612359|4081126|471732
35355|1626928|4129427|484795
35355|234283|3242009|154101
35355|1126949|4031968|450871
35355|54094|4232107|
35355|1675049|4220970|
35355|1424863|3946980|
35355|1249099|3574835|408905
35355|1199250|3241740|
35355|1626955|4065350|471732
35355|36674|113677|
35355|646901|4276256|
35355|12936|4094166|479898
35355|1183129|3280266|375150
35355|1491344|3761624|
35355|1254147|3305821|
35355|1676930|4180158|
35355|1315215|3428136|
35355|655253|3559235|
35355|1612359|4082161|471732
35355|1202781|3904224|
35355|1382777|3481313|408428
35355|1705437|4249771|500275
35355|1325180|4080453|
35355|1614425|4322317|
35355|671640|3581017|410254
35355|1235968|3272135|
35355|1382461|4286881|
35355|1696963|4229198|
35355|1676665|4179482|490846
35355|16690|4302486|503379
35355|1262981|4017737|
35355|1406130|3554108|406674
35355|1153445|4208368|493749
35355|1543392|3875163|
35355|1477714|3729487|430594
35355|1312423|4011170|
35355|1676665|4183392|490846
35355|105645|4321406|
35355|1146366|3880071|
35355|35355|4151906|
35355|1194354|3561065|
35355|396565|4322983|
35355|1716314|4278277|
35355|1719355|4289475|
35355|506069|3998044|
35355|35355|4151903|
35355|23325|4019103|
35355|1614464|4305268|
35355|1603139|4017138|
35355|1691521|4257101|
35355|1720656|4290732|
35355|556723|4311427|504259
35355|526031|4277318|
35355|1592846|3991842|
35355|1669173|4162753|
35355|35355|4304581|
35355|1554851|4273705|500335
35355|1629739|4311159|504264
35355|1630549|4073740|
35355|986598|4243305|472543
35355|66759|4223878|
35355|1675470|4177139|
980518|1092626|3854084|469990
980518|1092626|3930348|469990
980518|1092626|3581903|469990
980518|1092626|3930357|469990
980518|1092626|3984985|469990
980518|1092626|4028914|469990
980518|1092626|4028909|469990
980518|1092626|3538098|396671
980518|1092626|3954908|
980518|1092626|4028912|469990
980518|1092626|3463933|396671
980518|1092626|4028917|469990
980518|1092626|3142726|
980518|1092626|4028915|469990
980518|980520|2866075|
980518|1092626|3930307|
980518|980520|3222245|
980518|1092626|4230912|
980518|1092626|3804245|
980518|1092626|4086115|
980518|1598801|4157858|
980518|1092626|3538096|396671
980518|1092626|3538097|396671
980518|1503147|4181233|
980518|1092626|4109340|
980518|1598801|4006074|467976
980518|1092626|3985011|
980518|1726514|4162490|
980518|544372|3852191|356444
980518|1092626|4181313|
980518|1092626|4248745|
980518|1235294|3591910|373187
980518|1598801|4006080|467976
980518|1598801|4006094|467976
980518|544372|2832143|
980518|1028476|2903810|
980518|1322774|4120472|483619
980518|1598801|4007514|467976
980518|1092626|4244414|
980518|1598801|4007505|467976
980518|1598801|4007629|467976
980518|1092626|4275631|
980518|1235294|3590451|373187
980518|1598801|4006120|467976
980518|1598801|4006064|467976
980518|1598801|4008018|467976
980518|544372|3164599|356444
980518|1598801|4006138|467976
980518|980517|2823462|
980518|980520|3222267|
980518|1662259|4148063|
980518|1503147|4277344|
980518|1572497|3944188|
980518|1035149|4089117|
699|72|1781|4343
699|72|1410|14775
699|72|5437|
699|8576|61287|31173
699|255|1675|5072
699|3|319550|65315
699|3|2620|184732
699|130|61685|
699|1282|5510|10764
699|3|108605|23696
699|699|88452|11981
699|334|109311|
699|3|19571|3025
699|699|108252|26551
699|8576|136409|31173
699|211|55877|164021
699|211|61193|20196
699|699|212566|26551
699|438|52125|1551
699|699|212574|26551
699|699|141083|32008
699|699|212570|26551
699|699|93876|11981
699|699|69729|11981
699|432|49528|10877
699|699|212572|26551
699|699|90188|11981
699|699|94086|11981
699|699|212563|26551
699|699|212568|26551
699|699|212567|26551
699|699|32198|32008
699|699|212565|26551
699|699|64105|11981
699|3|19568|3025
699|67|3351454|376887
699|699|65414|11981
699|699|113149|26551
699|3|49295|11240
699|699|94568|11981
699|1282|93848|13230
699|24903|96619|20211
699|699|2171987|32008
699|699|32823|6465
699|42|53864|31773
699|699|54625|11981
699|11434|51266|118163
699|255|2193|5072
699|375|35147|7110
699|699|85286|11981
699|8576|136428|133482
699|699|95453|11981
699|699|93879|11981
699|1261|120901|24829
699|8576|32574|
699|699|86347|11981
699|699|2151564|125505
699|699|212569|26551
699|699|75963|11981
699|699|212571|26551
699|699|3216182|
699|699|2174627|125505
699|255|181333|
699|699|2165134|125505
699|2663|432986|92611
699|699|2165383|125505
699|699|482783|125505
699|362905|2235403|279792
699|699|2165242|125505
699|8576|136415|31173
699|699|2165062|125505
699|699|908784|6465
699|699|152051|6465
699|2030|1541683|43412
699|699|1181479|32008
699|699|94851|11981
699|56|80097|
699|848|29009|5082
699|699|2165089|125505
699|8576|136424|31173
699|699|5870|6465
699|699|2439501|141612
699|7869|1166994|218434
699|1052|193660|6279
699|699|3253365|
699|699|2165090|125505
699|1050|1643931|5124
699|699|2165113|125505
699|8576|136417|31173
699|699|2165330|125505
699|1050|29250|5124
699|498|1570641|141119
699|8576|136411|31173
699|699|111261|6465
699|699|361944|32008
699|1263|392487|10973
699|699|4242759|497135
699|699|1193256|6465
699|699|1658889|32008
699|17248|65418|14816
699|3682|1009588|189096
699|8392|1299842|6449
699|699|1638351|
699|699|32961|6518
699|699|2165374|125505
699|8576|136570|
699|79|24629|4121
699|211|39861|
699|8576|136420|31173
699|699|1860058|
699|8576|136421|31173
699|699|81651|
699|8576|136425|31173
699|699|1689978|32008
699|3682|1818576|189096
699|699|2326837|
699|699|1507643|
699|8392|437766|6449
699|440255|2430455|
699|699|1056747|32008
699|453|72772|13116
699|2317|1377860|214300
699|699|1503560|
699|8576|136416|31173
699|130|3375139|
699|699|1403177|
699|8576|136426|31173
699|411|2992613|112161
699|340099|3742047|432471
699|8433|187549|39209
699|699|1076921|32008
699|699|1224610|32008
699|699|1259504|32008
699|699|4242798|497135
699|665236|42633|
699|699|1855878|
699|49728|219415|45513
699|699|1535488|6465
699|699|1430969|6465
699|8576|136423|31173
699|699|94186|11981
699|2030|1611661|43412
699|2316|53118|11606
699|699|4242761|497135
699|699|734494|6465
699|699|1281489|6465
699|699|1183177|
699|699|1126432|6465
699|8576|136419|31173
699|42|2229800|31773
699|699|1499262|
699|699|1446960|6465
699|699|1600436|
699|699|2166268|
699|504|864372|6105
699|848|29012|5082
699|699|1467384|
699|2317|1638288|214300
699|3682|1345886|189096
699|699|1823999|11981
699|8576|2944939|323073
699|699|2245363|11981
699|699|1858972|
699|8576|136575|
699|699|1452565|6465
699|2317|1405914|214300
699|464|16535|2198
699|4171|1238367|220101
699|8576|136580|
699|699|971724|
699|699|1085574|
699|699|1468729|
699|699|2180461|
699|699|1389203|
699|699|4242762|497135
699|2663|4174300|490184
699|699|3288442|
699|699|1094178|
699|49728|219422|45513
699|699|1388176|6465
699|699|949998|
699|8576|136562|
699|1917|330774|
699|699|1803244|
699|2317|989710|214300
699|699|1575909|
699|255|3912479|5072
699|680|361409|
699|699|2101389|
699|699|389361|89893
699|699|1527444|
699|699|1211502|
699|8576|136583|
699|1372326|3503929|
699|699|1677800|
699|699|1064494|
699|38478|118599|
699|699|1475630|
699|71318|3584403|388606
699|14575|3503764|127889
699|61025|191212|39826
27765|446|3302616|370602
27765|2|3138633|350958
27765|56|78869|12283
27765|446|137047|22355
27765|56|68291|12283
27765|56|614|7006
27765|446|91876|22355
27765|56|78870|12283
27765|362|87052|20996
27765|56|1819|7006
27765|1525|62499|11535
27765|362|415468|20996
27765|372|20542|3239
27765|446|791|11107
27765|56|51034|12283
27765|56|2885|7006
27765|1525|52864|11535
27765|446|3304347|370602
27765|183|2713|29923
27765|1525|62977|21669
27765|56|78862|12283
27765|56|627|7029
27765|56|78864|12283
27765|56|78863|12283
27765|1234|387117|28296
27765|1525|102867|21669
27765|6232|33071|6563
27765|62702|728122|124185
27765|56|703|
27765|446|2108811|124197
27765|1525|52866|11535
27765|56|687|7009
27765|1525|140953|21669
27765|446|89331|22355
27765|310|64205|
27765|1525|58468|12988
27765|56|78871|12283
27765|62702|642825|124185
27765|1525|66999|11535
27765|1525|128681|21669
27765|1525|247618|11535
27765|66863|207343|42883
27765|56|3142|
27765|446|2670568|366247
27765|56|34768|7001
27765|1525|62975|21669
27765|62702|1784621|124185
27765|56|34760|7001
27765|1525|140948|21669
27765|173|82615|20147
27765|62702|1784631|124185
27765|853|62313|
27765|372|20515|3231
27765|56|1503|7009
27765|56|686|7001
27765|4413|13120|1413
27765|1234|443538|112048
27765|1525|77056|12988
27765|1714|2410863|147373
27765|375|96592|22124
27765|56|2200|76781
27765|20148|3242270|
27765|1525|328741|12988
27765|56|1871|
27765|69|50626|10943
27765|56|1860|7001
27765|56|34782|7006
27765|56|29540|7001
27765|372|20530|3234
27765|1525|62880|12988
27765|2001|3727119|460105
27765|1525|2404402|136650
27765|544871|2310216|131335
27765|1525|564550|21669
27765|56|34761|7001
27765|56|34767|7001
27765|56|34791|7006
27765|1525|328740|12988
27765|56|34772|7001
27765|56|34766|7001
27765|66863|232371|42883
27765|56|34770|7001
27765|147|2682|4714
27765|990233|2838636|163672
27765|1525|328600|21669
27765|33767|203150|42107
27765|56|3139|7001
27765|176|4096066|480193
27765|1234|1173404|34892
27765|1525|328730|12988
27765|1525|801839|12988
27765|62702|1784641|124185
27765|1525|800012|21669
27765|56|3686|7001
27765|446|51903|11107
27765|209|5458|1341
27765|56|3620|7009
27765|66863|2385232|
27765|22368|108869|26698
27765|1525|67179|411881
27765|56|401852|7009
27765|209|5457|1341
27765|1525|3053759|136650
27765|176|4116679|480193
27765|147|2957|4713
27765|176|4116680|480193
27765|56|57132|
27765|372|20528|3239
27765|1525|328608|
27765|1525|328627|411881
27765|18047|3573070|424088
27765|318|4727|738
27765|8678|34214|6891
27765|1525|328638|103586
27765|56|34771|7001
27765|4413|13129|1413
27765|56|71063|7009
27765|3361|161634|3249
27765|236|74053|
27765|1525|328637|103586
27765|1525|328626|322389
27765|176|4116686|480193
27765|27765|219999|294857
27765|56|2745|343732
27765|275474|1449481|138545
27765|176|4116681|480193
27765|24566|3085862|344752
27765|176|4116685|480193
27765|4|315943|53337
27765|671|68614|15588
27765|62702|1784614|124185
27765|34107|2016049|50462
27765|176|4116682|480193
27765|56|246478|7029
27765|176|4116683|480193
27765|66863|270744|42883
27765|1066210|3026823|328114
27765|1525|328619|322389
27765|10207|2274680|118576
27765|56|246487|7006
27765|26593|306564|67221
27765|544871|2325512|131335
27765|292730|2326191|129790
27765|176|4116684|480193
27765|88|400986|
27765|132|83134|17454
27765|66863|340457|42883
27765|81|8776|397754
27765|1066210|3026824|328114
27765|1525|1906265|103586
27765|950|1590828|493568
27765|467|48051|10519
27765|56|34765|7001
27765|62702|1784742|124185
27765|35394|1424430|27036
27765|372|20518|3231
27765|45713|512394|112667
27765|183925|645247|103813
27765|108|7066|150
27765|990233|2838815|163672
27765|56|34756|7001
27765|65737|3572624|412881
27765|21874|3180024|360766
27765|362|777014|20996
27765|10207|268534|118576
27765|285885|3253254|371253
27765|372|1820020|322549
27765|16571|63700|304967
27765|66863|340509|42883
27765|375|95489|22124
27765|66863|340521|42883
27765|1234|1575486|34892
27765|62702|1784637|124185
27765|1525|183228|12988
27765|251|683574|79671
27765|7393|27638|4792
27765|66863|330246|42883
27765|209|12859|347505
27765|2001|1394304|202266
27765|66863|340534|42883
27765|1234|487052|28296
27765|467|47993|10525
27765|33767|669792|42107
27765|1525|1998719|21669
27765|1066210|3026997|328114
27765|1525|2244714|12988
27765|56|119156|
27765|42|307352|14498
27765|10207|2276140|126780
27765|56|2129576|159773
27765|7393|27652|4792
27765|4413|13131|1413
27765|13616|2820046|159446
27765|10207|2274674|118576
27765|10207|2261396|126780
27765|22368|2136210|121618
27765|56|338252|7001
27765|66863|332721|42883
27765|990233|2838792|163672
27765|27765|4315280|
27765|211248|1858134|486396
27765|990233|2838800|163672
27765|1234|1005918|28296
27765|467|48048|10537
27765|990233|2838831|163672
27765|275474|1236461|221117
27765|990233|2838751|163672
27765|1066210|3026992|328114
27765|1678|8125|361
27765|990233|2838767|163672
27765|990233|2838862|163672
27765|4413|13132|1413
27765|7393|27641|4792
27765|1191|24944|4220
27765|362|792961|350218
27765|18047|3037013|
27765|1191|24954|4220
27765|37483|121818|27998
27765|66863|340471|42883
27765|372|20529|3234
27765|412|22918|3718
27765|12321|154968|31653
27765|1714|815982|90564
27765|990233|2838845|163672
27765|35394|918273|27036
27765|66863|340500|42883
27765|1714|816161|29192
27765|990233|2838857|163672
27765|111|16913|2308
27765|154376|843630|194025
27765|990233|2838875|163672
27765|1444|2143036|6409
27765|1714|2863679|147373
27765|4963|609559|76462
27765|88|438630|
27765|1678|8126|361
27765|538|995637|109783
27765|62334|2282391|
27765|12321|154964|31653
27765|1632|3529972|429047
27765|280878|2384497|138576
27765|8678|34218|6891
27765|8678|34226|6891
27765|581131|3903687|457016
27765|362551|1574525|306981
27765|1630|1211242|383344
27765|847|1979291|411427
27765|1505|1575283|132561
27765|45713|706440|
27765|552703|2317278|131875
27765|52345|157113|34730
27765|17649|2262967|128857
27765|990233|2838851|163672
27765|5437|2144464|13934
27765|73|963270|11957
27765|8447|32221|
27765|1678|8124|361
27765|340|37643|7678
27765|1143|1217608|104571
27765|362551|891169|306981
27765|209|12858|
27765|4466|78456|1476
27765|8678|34210|6891
27765|2001|1295147|
27765|8678|34221|6891
27765|5249|1462064|6369
27765|1678|8132|361
27765|1678|8127|361
27765|292730|2326192|129790
27765|1505|907992|6509
27765|1134821|3081530|486156
27765|1678|8136|361
27765|4466|13531|1476
27765|990233|2838869|163672
27765|1725|1399146|2185
27765|4963|475175|76462
27765|1444|1860441|23547
27765|382|27977|198153
27765|8678|34215|6891
27765|2001|1938578|
27765|3826|1252721|211936
27765|7395|1094602|130949
27765|4963|474235|159614
27765|372|1839730|322549
27765|1853|1450912|125434
27765|8678|34209|6891
27765|170765|2954169|309491
27765|1678|8123|360
27765|303|644383|116200
27765|7393|27644|478416
27765|1505|904614|132561
27765|1505|1825590|132561
27765|458|153100|32912
27765|11743|1285903|128727
27765|1505|1655478|132561
27765|56068|1827159|254800
27765|382|1825128|198153
27765|285885|3888837|371253
27765|8678|34208|6891
27765|285885|3883560|371253
27765|292730|2317770|129790
27765|8678|34212|6891
27765|8678|1808764|6891
27765|11242|3325825|288770
27765|1366|3513611|30433
27765|538|1187007|109783
27765|990233|2876317|163672
27765|111|456386|
27765|1505|1804433|137665
27765|66863|709113|
27765|1403183|385352|83665
27765|1505|1744369|137665
27765|936|97231|23875
27765|1202144|3207127|
27765|682|795390|186058
27765|1105916|3036340|
27765|262|131370|
27765|7395|3658650|421003
27765|845|338871|1788
27765|8678|34206|6891
27765|662640|2905037|
27765|354278|3772950|436375
27765|56|465735|
27765|944|3833695|440386
27765|360922|3513117|401716
27765|56|465730|
27765|1162928|3135315|
27765|31001|3111240|
27765|173100|433056|
27765|1294463|3386983|
27765|642684|2448297|147229
27765|1197431|3356847|
27765|660444|3039845|337621
27765|230194|570675|114190
27765|59916|195153|43951
27765|318|3334262|382149
27765|1249967|3297591|
27765|150459|420327|99749
27765|1062381|2962764|326609
27765|47850|237131|
27765|8955|3969448|
13945|264368|2316138|129455
13945|33899|1456063|126339
13945|25561|527823|110261
13945|329078|2922637|309166
13945|13945|446098|311392
13945|34513|2839890|140696
13945|1560470|3790166|451363
13945|989057|739249|121373
13945|16690|2413376|
13945|13119|73394|16827
13945|989057|722147|121373
13945|13944|73988|16497
13945|13945|356888|81260
13945|1211|3591036|411693
13945|13945|411177|
13945|34513|2845705|140696
13945|989057|722194|121373
13945|25561|2898877|288151
13945|329078|4045024|474118
13945|25561|2898912|288151
13945|13944|56626|16496
13945|13945|3475998|382323
13945|989057|739227|121373
13945|13945|3511767|382323
13945|20192|2316134|131776
13945|13047|2469691|228524
13945|47315|2969814|161186
13945|13945|61574|
13945|130|3086638|128797
13945|989057|739252|121373
13945|329078|4073055|474118
13945|329078|2746861|
13945|25680|2905295|
13945|13945|66283|15052
13945|989057|739232|121373
13945|177433|704317|100419
13945|13945|66451|15052
13945|65817|2450323|42332
13945|77530|236613|192912
13945|989057|739242|121373
13945|24472|3884125|451363
13945|13945|66373|15052
13945|24472|3916308|451363
13945|20192|2866310|222719
13945|166056|404988|111087
13945|77530|400004|192912
13945|55816|2470819|155227
13945|13945|748758|311392
13945|2011|554097|
13945|13945|3037118|337387
13945|874227|721511|121373
13945|396|2836654|163220
13945|47315|2827836|161186
13945|329078|3259530|
13945|77530|247094|192912
13945|20192|2328600|131776
13945|20192|1868510|131776
13945|823260|3215095|338219
13945|235267|533659|
13945|13945|3511770|382323
13945|47315|2829328|161186
13945|47315|2462207|161186
13945|13945|3511764|382323
13945|13945|3037107|337387
13945|77530|2869370|223106
13945|269596|587489|138557
13945|47315|2499123|161186
13945|13945|3327616|382226
13945|26628|213069|43101
13945|13945|690878|81260
13945|50410|2204658|294040
13945|13945|3511762|382323
13945|13945|3327819|382304
13945|241761|748111|
13945|13945|1823050|311392
13945|2002|139361|
13945|77530|277339|192912
13945|13945|3511768|382323
13945|13945|2896267|
13945|13945|3327647|382226
13945|77530|247117|192912
13945|47315|3205122|161186
13945|20192|2329148|131776
13945|242414|4117582|
13945|13945|3327617|382226
13945|13945|66294|15052
13945|47315|3192022|161186
13945|13945|3511769|382323
13945|20192|2328610|131776
13945|205952|4249428|497787
13945|13945|3327646|382226
13945|13945|66385|15052
13945|13945|3511761|382323
13945|20192|2328607|131776
13945|20192|2328603|131776
13945|1599206|4006901|
13945|13945|3327879|311392
13945|12383|396012|
13945|13945|3423201|382323
13945|65817|408559|42332
13945|77530|2290461|
13945|14273|340994|53830
13945|77530|247108|192912
13945|12053|3857471|
13945|75463|637914|
13945|20192|2867503|222719
13945|13945|3223873|337387
13945|13945|3330523|382680
13945|13945|66306|15052
13945|47315|3191820|161186
13945|77530|698972|192912
13945|13945|3327963|382323
13945|13945|3511765|382323
13945|20192|2328605|131776
13945|13945|3327649|382226
13945|47315|3202773|161186
13945|300093|2445367|147529
13945|13945|3327824|382304
13945|874227|236617|165644
13945|13945|3511771|382323
13945|77530|2492562|223106
13945|13945|3623870|382323
13945|13945|2823465|139249
13945|47315|3204573|161186
13945|13945|3327945|311392
13945|13945|3511772|382323
13945|658040|3366871|387049
13945|13945|3327806|382304
13945|13945|682478|81260
13945|13945|3511774|382323
13945|13945|3511773|382323
13945|13945|3330522|382680
13945|13945|3327880|311392
13945|874227|2270163|68063
13945|964932|2879136|304219
13945|47315|3204601|161186
13945|13945|302025|15052
13945|13948|518510|88787
13945|13945|3223872|337387
13945|13945|3327209|382226
13945|67646|651846|
13945|13945|3327881|311392
13945|13945|3327817|382304
13945|13945|3327648|382226
13945|13945|3327878|311392
13945|13945|3327691|382226
13945|13945|3327702|382226
13945|13945|3327704|382226
13945|13945|638863|81260
13945|13945|66382|15052
13945|13945|683385|81260
13945|13945|3327213|382226
13945|13945|3327920|311392
13945|13945|3327917|311392
13945|31009|109553|
13945|13945|3327820|382304
13945|13945|3327690|382226
13945|13945|3327597|382226
13945|35462|204217|42324
13945|140582|358510|81648
13945|88749|2425271|
13945|47315|3203334|161186
13945|13945|3327919|311392
13945|77530|2377923|138557
13945|264368|2980637|
13945|77530|351774|
13945|88749|698402|138458
13945|13945|2291995|81260
13945|407353|2454644|
13945|2006|192016|39974
13945|142476|362055|82610
13945|13945|683494|81260
13945|13945|2356668|15052
13945|13945|3024316|382226
13945|13945|2461058|139249
13945|1081120|2397234|132050
13945|13945|3223862|337387
13945|658680|2456434|149162
13945|13945|3327921|311392
13945|1055784|2949906|
13945|978023|4273999|500399
13945|13945|2292009|81260
13945|77530|2982914|192912
13945|77530|3085876|138557
13945|13945|3327816|382304
13945|13945|2356924|15052
13945|187600|3764773|435274
13945|95837|3989389|
13945|28585|97573|23919
13945|13945|2825770|139249
13945|159830|400122|
13945|13945|644841|81260
13945|13945|2385119|139249
13945|13945|2292018|81260
13945|13945|3223863|337387
13945|658040|3122726|350276
13945|13945|3327703|382226
13945|546744|3826227|443783
13945|13945|3223859|337387
13945|13945|3327882|311392
13945|13945|2830892|139249
13945|13945|3223869|337387
13945|13945|3085857|138557
13945|13945|2824326|139249
13945|15770|3793297|
13945|660075|2459099|
13945|13945|3327705|382226
13945|13945|3327827|382304
13945|1264538|3870944|
13945|13945|3223860|337387
13945|13945|3327818|382304
13945|13945|3327826|382304
13945|567767|2963596|
13945|13945|3223865|337387
13945|166056|3308872|111087
13945|26841|665663|117625
13945|660075|2850144|149785
13945|13945|2424461|139249
13945|13945|3327823|382304
13945|187600|3764784|435274
13945|44794|4058682|475076
13945|13945|3375568|387838
13945|243215|545719|
13945|13945|2826151|139249
13945|13945|2823756|139249
13945|13945|3223876|337387
13945|86623|303277|52587
13945|13945|3327825|382304
13945|13945|3327822|382304
13945|1055933|3440617|
13945|635050|2415611|
13945|13945|3330513|382680
13945|1395977|3532691|
13945|53550|3331361|
13945|998716|3768675|
13945|13945|2425780|139249
13945|13945|3223868|337387
13945|13945|3328026|180868
13945|43108|656988|117279
13945|13945|3223870|337387
13945|1575937|3952300|
13945|86623|303286|52587
13945|258549|3412781|391816
13945|13945|3223875|337387
13945|13945|3223861|337387
13945|13945|3223864|337387
13945|13945|3330524|382680
13945|10769|3054798|340047
13945|13945|3223871|337387
13945|605248|2366476|
13945|333103|2760316|
13945|13945|3327821|382304
13945|632870|2430260|
13945|145639|367222|
13945|13945|3223874|337387
13945|1113836|3989315|438025
13945|3390|4135225|485584
13945|13945|3223866|337387
13945|546744|3328074|382345
13945|16284|2381643|39276
13945|1120836|3058898|
13945|13945|3330520|382680
13945|233314|3099344|
13945|13945|3330519|382680
13945|22821|3622393|416132
13945|13945|3330518|382680
13945|1142698|3096383|346338
13945|10483|2897027|163558
13945|43108|656961|117279
13945|101640|281571|61302
13945|13945|3330521|382680
13945|13945|3328020|180868
13945|1415224|3571807|409024
13945|13945|3328023|180868
13945|319955|740461|
13945|13945|3328021|180868
13945|13945|3328002|180868
13945|13945|3328018|180868
13945|13945|3328017|180868
13945|13945|3328027|180868
13945|13945|266887|52915
13945|13945|3327991|180868
13945|13945|3327992|180868
13945|13945|3328005|180868
13945|25561|4186431|
13945|13945|3328019|180868
13945|13945|3328003|180868
13945|13945|3328001|180868
13945|330499|4202958|493160
13945|13945|3328024|180868
13945|13945|3327993|180868
13945|13945|3328025|180868
13945|330499|4203046|493160
13945|13945|3328022|180868
13945|13945|3328004|180868
13945|1664181|4151090|
13945|330499|4203039|493160
13945|330499|4203054|493160
13945|1006287|3240807|
13945|330499|4203050|493160
13945|330499|4203068|493160
7122|1421|92856|491200
7122|1421|69982|491200
7122|1450|2472621|127819
7122|338|465593|111334
7122|1421|94026|
7122|941|366460|83757
7122|108|2384116|137591
7122|633|69377|11413
7122|466|63860|12077
7122|7922|146571|
7122|124|3209|10820
7122|14022|3709564|439498
7122|338|104310|25781
7122|1973|56889|169807
7122|506|135531|30150
7122|46|377|9349
7122|1604|294054|
7122|46|43020|9346
7122|289|2299993|130820
7122|18731|245041|44385
7122|108|61251|13691
7122|27864|698040|119233
7122|46|6317|9373
7122|338|463481|10784
7122|605|50616|6946
7122|1263|685031|116192
7122|18731|249639|44385
7122|471|63734|8848
7122|5144|124467|29273
7122|18731|245754|44385
7122|289|2438467|160652
7122|46|2373610|140063
7122|76|743099|33548
7122|13243|2398835|138788
7122|13243|402672|
7122|14490|2449498|146744
7122|475|84157|20023
7122|1262|2311221|
7122|83|3334|3046
7122|998|8785|529
7122|286|428298|
7122|482885|2879642|241758
7122|16402|215137|14237
7122|513372|2898738|288062
7122|338|506118|111334
7122|46|43017|9346
7122|605|56882|6946
7122|2316|57550|16270
7122|241331|1890442|142080
7122|1940|4513|
7122|998|8790|529
7122|338|488699|111334
7122|16402|63320|14237
7122|466|63673|21543
7122|438|455399|11201
7122|46|42964|9338
7122|291|52070|244030
7122|18731|101780|
7122|14490|2938702|314994
7122|16402|98023|24123
7122|850|96735|21390
7122|513372|2919259|288062
7122|46|42971|9338
7122|46|42966|9338
7122|16402|63334|14237
7122|46|83448|9373
7122|46|1847775|
7122|1617|9129|596
7122|83|75326|3046
7122|661567|2461624|150001
7122|721|571980|
7122|32444|2483812|
7122|850|76242|9593
7122|1308|671734|
7122|2011|2476290|151932
7122|16402|63319|14237
7122|46|43079|9349
7122|466|97975|21543
7122|16402|98026|14237
7122|998|2106588|123716
7122|79|114851|
7122|704|379016|3225
7122|12936|381954|
7122|46|42957|9338
7122|16402|63318|14237
7122|1581|121524|
7122|338|474803|10784
7122|2932|26157|4452
7122|475|182661|20023
7122|2932|26170|4455
7122|42598|132780|30233
7122|338|2203134|111334
7122|2932|26172|4455
7122|1014|104810|
7122|151868|467183|
7122|16402|1520553|14237
7122|16402|63317|14237
7122|52424|1906964|
7122|26789|3469514|152832
7122|16402|98038|24123
7122|2932|26176|4455
7122|2932|26169|4455
7122|16402|63335|14237
7122|26789|3469515|152832
7122|1014|104825|546
7122|26789|3469517|152832
7122|16402|98025|24123
7122|28383|103529|23823
7122|16402|98183|14237
7122|2684|516230|
7122|16402|98182|24123
7122|59782|188745|
7122|1520477|3836932|
7122|36834|441736|104470
7122|1014|113511|
7122|1491495|271760|
7122|60142|660107|117360
7122|178968|2262945|
10233|228636|3977187|499168
10233|123|180|2605
10233|282|73037|5422
10233|1720|3883|386313
10233|1124097|4074654|456145
10233|1124097|4061182|456145
10233|326362|3646566|326339
10233|88|2322530|132593
10233|1086436|3400425|410684
10233|42|2616185|157040
10233|1408735|3786541|438392
10233|108|2892|147
10233|244|3914|8794
10233|334|52466|6424
10233|123|1381|2605
10233|438|4196525|397643
10233|303|1890|1896
10233|976407|3299305|477956
10233|338|3748|568
10233|20503|3121334|336817
10233|1086436|3394335|
10233|123|3496|2605
10233|22516|3238280|
10233|496|50748|
10233|373|2625|9754
10233|498|78135|24472
10233|338|5279|
10233|639521|3226864|342891
10233|458|19348|2984
10233|22516|3903073|453232
10233|108|4270|147
10233|1319|229603|26969
10233|2035|4771|3276
10233|22516|3237191|
10233|42|1672|9855
10233|42|3834|9855
10233|123|17978|2605
10233|123|17972|2605
10233|83|85|2460
10233|2|629|4058
10233|123|1185|2605
10233|1908|128556|24464
10233|498|81345|24472
10233|2|144|4095
10233|22516|3235833|
10233|1271|53928|476131
10233|88|365974|27316
10233|186|2934|3731
10233|303|1899|1896
10233|438|13786|1549
10233|303|1908|1896
10233|22516|3448565|
10233|22516|3725487|
10233|973774|3964062|433477
10233|83|1918|3044
10233|438|13787|1549
10233|83|19749|3056
10233|438|3073534|150939
10233|498|141844|24472
10233|77|17538|2498
10233|1211|204738|6143
10233|228636|4215971|
10233|291|48202|10579
10233|42|45009|9852
10233|411|4762|4930
10233|12077|4024005|466302
10233|22516|3234467|
10233|1124097|4100594|456145
10233|1517491|4061425|474646
10233|41662|346186|
10233|244|2499|8818
10233|318|460|738
10233|123|17985|2605
10233|2274|38387|7848
10233|86|1880|124058
10233|1002028|3133102|441306
10233|322517|706400|118585
10233|1211|32134|6143
10233|2035|20773|3276
10233|339472|3810360|
10233|42|5727|9852
10233|108|6965|334651
10233|42|5378|
10233|85|3943081|152605
10233|44575|3351932|385512
10233|438|2935577|386963
10233|56|2732|7009
10233|404|47570|
10233|345|195086|40495
10233|183|23917|3951
10233|110701|3243778|369897
10233|34|3713|3975
10233|34|24060|3975
10233|248458|2955726|309127
10233|432|553002|88241
10233|88|494491|27316
10233|88|2296247|129996
10233|1161959|3824874|
10233|438|2396193|140508
10233|13|356|3519
10233|46|5264|9373
10233|5190|42807|356636
10233|59|6600|41
10233|587560|2924987|384122
10233|664920|3005937|333337
10233|379|46230|10124
10233|1211|204737|6143
10233|438|2401256|1549
10233|195|31176|5605
10233|179|1024|3885
10233|56|51699|7009
10233|108|7041|147
10233|115|13307|1468
10233|42|3300|9857
10233|244|612|8794
10233|7280|2832920|
10233|282|30419|5422
10233|244|3922|8794
10233|780|298959|82541
10233|1211|204750|6143
10233|12363|103954|
10233|405415|3687885|366697
10233|460433|2821213|158557
10233|244|40477|8806
10233|244|40395|8790
10233|110701|3263961|369897
10233|14490|3393072|389578
10233|1583|3145483|352348
10233|404|47595|10423
10233|977704|2819761|159398
10233|14490|3393075|389578
10233|244|40446|31252
10233|1302|193290|40193
10233|66863|2385232|
10233|228|31274|5623
10233|64|3131006|350784
10233|223|31736|941
10233|438|1868573|1551
10233|158|2329497|98449
10233|88|2342848|132593
10233|14490|3393070|389578
10233|19217|130385|16143
10233|12596|180413|
10233|1021594|2891397|
10233|540864|4093794|468769
10233|3371|1432645|213544
10233|339|32520|6328
10233|22|35637|7214
10233|291|48196|10579
10233|11106|288911|15085
10233|179|1958|3892
10233|22|78138|
10233|648522|3141242|451391
10233|438|3073544|
10233|186|2468842|
10233|318|3110550|340903
10233|263426|3945|115911
10233|1205|175043|27962
10233|2035|7056|85020
10233|46|43015|9343
10233|83|19661|3044
10233|14490|3393073|389578
10233|3|19599|3029
10233|498|32626|492770
10233|438|13788|1549
10233|1211|204754|6143
10233|137110|3247971|369789
10233|498|32578|141119
10233|407382|3529696|403708
10233|498|1238648|11096
10233|186|23013|3731
10233|535|32699|6401
10233|14490|3393077|389578
10233|828|420392|99757
10233|85|45517|9969
10233|14490|3393074|389578
10233|1529|33156|6618
10233|88|40254|8756
10233|438|303421|1550
10233|1211|204788|6143
10233|440|1417262|190512
10233|334|132022|6424
10233|190|343536|6980
10233|244|40518|8818
10233|29297|869184|84178
10233|14490|3393078|389578
10233|1456|26625|4572
10233|326|59735|10115
10233|85|160174|9969
10233|42|395361|26911
10233|14490|3393071|389578
10233|1399128|3538573|
10233|38|25054|4235
10233|238281|579907|
10233|411|28224|4922
10233|14490|3393083|389578
10233|432|556339|88241
10233|411|28232|4922
10233|407382|3529701|403708
10233|14490|3393082|389578
10233|34|2477512|159165
10233|1823|1808822|12639
10233|1211|204760|6143
10233|207474|3046659|
10233|147|2126|4714
10233|2663|1786674|92611
10233|1731|1292670|127452
10233|14490|3393081|389578
10233|3431|15941|2056
10233|275474|1022107|221116
10233|3824|101959|25289
10233|46|42998|9343
10233|228|31312|5624
10233|244|40496|43410
10233|4232|48337|10618
10233|42|45013|26911
10233|275474|1656353|221116
10233|3|19601|3029
10233|4612|61979|12353
10233|251|33535|6719
10233|100874|376370|
10233|11368|43726|142905
10233|137110|3247970|369789
10233|244|40386|8790
10233|432|385422|10892
10233|338|9027|568
10233|8370|32004|112942
10233|46|1471898|85181
10233|244|40467|8805
10233|4612|62061|8725
10233|19217|2403359|
10233|251|33531|6719
10233|229|39951|8684
10233|14490|3393079|389578
10233|75|43957|9590
10233|42|45062|9869
10233|10233|41241|8969
10233|29297|1167033|84178
10233|14490|3393076|389578
10233|46|43009|9343
10233|14490|3393080|389578
10233|100874|365406|
10233|1192287|3189588|
10233|1205|32868|
10233|438|2988839|
10233|251|33543|6719
10233|195|31187|5605
10233|404|1956121|10423
10233|350338|1782673|
10233|338|8930|556
10233|14490|3945240|459376
10233|16711|4126446|
10233|111|29563|5201
10233|29297|1712153|84178
10233|782|357772|6142
10233|2831|1526802|6460
10233|12070|3046082|338636
10233|60796|3931614|457773
10233|438|3814275|
10233|1362|9536|692
10233|130|87168|
10233|1173|16977|2334
10233|156|33818|43403
10233|42|99677|410753
10233|2122|870099|6362
10233|2253|1316928|235773
10233|655813|2853021|151308
10233|334|2452213|6424
10233|11368|43729|142905
10233|59062|184822|38508
10233|31985|3803258|439749
10233|77|39280|27808
10233|994502|2846636|165419
10233|1014|8842|542
10233|1156500|4041385|465108
10233|1823|806114|12639
10233|100031|2966606|
10233|359|1030821|10592
10233|74|46531|10205
10233|4|416372|
10233|42|179864|
10233|1173|39186|8336
10233|20382|1835511|70630
10233|3187|11922|1190
10233|29297|1763810|84178
10233|244|1378030|8797
10233|8370|528855|112942
10233|244|40463|8805
10233|464672|3175968|503918
10233|148|1251880|7127
10233|29297|1509378|84178
10233|244|40441|52560
10233|2253|1060488|235773
10233|1260196|3423467|
10233|1218|2181820|107421
10233|2831|1323852|415767
10233|1362|1815524|692
10233|523216|1322787|324998
10233|848|29133|5102
10233|38|25058|4235
10233|29297|1604575|84178
10233|179|23737|
10233|367173|2027564|223243
10233|1629|36424|7404
10233|18774|471336|349546
10233|244|40465|8805
10233|29297|895677|84178
10233|77|938957|
10233|35688|111242|
10233|282|1771892|5422
10233|1195330|4210183|
10233|190|34660|6980
10233|12077|526635|22761
10233|244|279721|8805
10233|16880|10579|287156
10233|816|394815|6055
10233|1302|193261|40193
10233|77|17524|2498
10233|20382|3387442|
10233|70088|2265240|366030
10233|438|3011038|
10233|4078|32567|109454
10233|2316|63369|16270
10233|83|19758|3056
10233|12070|3148931|338636
10233|10595|43780|163276
10233|83|1532894|3048
10233|4079|34238|6892
10233|542508|2861278|
10233|1823|805826|12639
10233|3534|1792593|698
10233|11368|43731|142905
10233|2663|4174296|490184
10233|1074|41148|8953
10233|209|1714623|139750
10233|1678|8115|360
10233|816|1559190|6055
10233|288|355283|1229
10233|42|1814099|13516
10233|144|1257306|6059
10233|7494|1739669|4931
10233|382|3454719|
10233|7280|1304639|6578
10233|207474|2979246|
10233|816|1172191|6055
10233|1074|41149|8953
10233|20503|3583870|
10233|4171|1652477|231765
10233|996702|3615559|414225
10233|1823|1830120|12639
10233|11368|43723|142905
10233|255|3323163|381621
10233|370888|1949413|201070
10233|1014|8860|544
10233|2831|3475683|415767
10233|5315|38557|7884
10233|21726|1809995|
10233|465385|2309648|131306
10233|1014|8866|545
10233|77|554017|114042
10233|8535|205231|42480
10233|8370|3204295|112942
10233|382|1975172|198153
10233|214123|3597956|412591
10233|72445|3225344|366928
10233|1210|1568497|6380
10233|1014|8858|544
10233|573538|3162245|355903
10233|14490|3393085|389578
10233|6085|2890016|
10233|351985|3324274|310249
10233|682|1804223|6224
10233|339|1677030|6328
10233|1014|8862|545
10233|1039|3337511|160078
10233|326669|2376355|
10233|35394|931899|27036
10233|2651|1843175|171644
10233|516686|3581095|410374
10233|198951|1294448|167021
10233|327185|2811112|153552
10233|667081|3455128|287831
10233|3824|2922334|309121
10233|8370|2946945|112942
10233|8591|1608529|27492
10233|97718|284576|95056
10233|29297|3079590|
10233|13163|1453560|146619
10233|628688|2404250|
10233|1588548|3981529|
10233|1014|3048330|545
10233|316|16660|2237
10233|1192287|3888515|451925
10233|2831|3885303|415767
10233|1306689|3551878|398680
10233|113662|2908466|228492
10233|8370|2946950|112942
10233|1192287|3888510|451925
10233|8370|2946946|112942
10233|8370|3204296|112942
10233|8370|3204294|112942
10233|8370|2946947|112942
10233|1588111|4159170|488572
10233|1192287|3888508|451925
10233|1058726|3566647|404116
10233|532378|4241779|
10233|1681382|4190336|
10233|8370|3204292|112942
10233|1196099|3960365|
10233|27939|1677483|224466
10233|4832|239134|
10233|1192287|3888513|451925
10233|1514225|3906832|
10233|97718|665449|117615
10233|8390|4243513|
10233|406230|4237856|
10233|1673762|4173153|490182
10233|1058353|2954647|
10233|8390|4243515|
10233|8390|4243516|
10233|8390|4243522|
10233|8390|4243520|
10233|8390|4243514|
10233|8390|4243518|
10233|8390|4243523|
10233|8390|4243521|
10233|8186|4103523|299976
10233|1724637|4300809|503191
17598|17598|66395|33339
17598|17598|76067|17584
17598|17598|194138|40348
17598|17598|66518|33339
17598|17598|76063|17584
17598|17598|194143|40348
17598|17598|194132|40348
17598|17598|149800|33339
17598|17598|76070|17584
17598|17598|76627|17584
17598|17598|2879392|
17598|17598|194195|33339
17598|17598|194134|40348
17598|17598|76980|17584
17598|17598|76979|17584
17598|17598|76638|17584
17598|17598|1058008|33339
17598|17598|2375745|149204
17598|17598|2480964|149204
17598|17598|76623|17584
17598|17598|733141|33339
17598|17598|194168|40348
17598|17598|2457037|149204
17598|17598|207415|33339
17598|17598|66332|33339
17598|17598|194184|40348
17598|17598|194180|40348
17598|17598|2476022|149204
17598|17598|1285370|33339
17598|17598|2480955|149204
17598|17598|194166|40348
17598|17598|1077407|33339
17598|17598|207101|33339
17598|17598|698981|33339
17598|17598|808670|33339
17598|17598|2471450|149204
17598|17598|2480954|149204
17598|17598|1357365|
17598|18738|1295867|115703
17598|17598|2480939|149204
17598|17598|194136|40348
17598|17598|1004644|40348
17598|17598|76740|17584
17598|17598|1858689|
17598|17598|1282336|40348
17598|17598|2480966|149204
17598|17598|435193|40348
17598|17598|698916|40348
17598|17598|275463|40348
17598|17598|1316314|297709
17598|17598|2480962|149204
17598|17598|3593962|127313
17598|17598|2183123|169339
17598|17598|902697|
17598|17598|808805|
17598|17598|1949869|
17598|17598|950407|411097
17598|17598|1438585|
17598|17598|1177923|
