producer_id|performer_id|song_id|album_id
33699|1421|3047140|337082
33699|16751|2472236|150853
33699|14577|682507|125539
33699|34513|1926559|122873
33699|33699|2452034|148586
33699|33699|2467600|148586
33699|160041|2448865|
33699|33699|2467594|148586
33699|160041|723729|119239
33699|26793|3425329|394881
33699|34513|2254487|122873
33699|64930|3017488|335698
33699|33699|691520|148586
33699|58017|2399066|139522
33699|208656|2290160|132540
33699|64930|2845003|
33699|64930|459387|90837
33699|34513|2845709|140696
33699|33699|2467595|148586
33699|18814|492216|
33699|32626|3020862|341712
33699|26793|2376192|465701
33699|1001405|3082026|344175
33699|939|3016392|334545
33699|140332|3107348|346812
33699|34513|4013347|468895
33699|33699|2467602|148586
33699|33699|544258|148586
33699|64930|3033291|335698
33699|34513|2845712|140696
33699|14186|2444522|143057
33699|16751|3087814|
33699|33699|2467597|148586
33699|33699|2468321|148586
33699|33699|371699|219472
33699|41479|1743415|122892
33699|33699|2467603|148586
33699|34513|2314446|
33699|34513|2448220|
33699|58017|2407701|139522
33699|14022|3085547|344693
33699|64930|212418|
33699|8576|3259290|
33699|58017|2407436|139522
33699|34513|521808|
33699|388|3282001|371297
33699|939|2379518|134183
33699|148860|2853587|
33699|34513|2934181|
33699|26577|2292731|130591
33699|11242|3017474|387958
33699|41479|745882|122892
33699|33699|2467591|148586
33699|34513|4035986|468895
33699|26248|3567507|406286
33699|34513|3923171|
33699|30181|2414133|139616
33699|635395|2447720|
33699|33699|2467592|148586
33699|1031514|2904549|
33699|64930|3033293|335698
33699|33699|2467598|148586
33699|680|3236983|368896
33699|33699|2467596|148586
33699|14022|3085556|344693
33699|140332|2831735|162186
33699|358|3039313|229557
33699|33699|4124059|484330
33699|33699|2864033|
33699|1653648|4124043|484330
33699|33920|2867191|304291
33699|33699|2473780|148586
33699|939|734895|
33699|33494|2936011|321250
33699|89|2483379|386213
33699|14022|3085558|344693
33699|26577|2948404|130591
33699|32626|2490086|152694
33699|18192|3210446|364848
33699|33699|2871165|
33699|242414|3048591|
33699|18192|2387328|138889
33699|65729|3194204|
33699|18192|2388177|138889
33699|1020285|3615570|463408
33699|1020285|3122460|345272
33699|635395|2452107|
33699|65396|2962034|
33699|33699|2467599|148586
33699|14022|3085555|344693
33699|26577|2913492|130591
33699|20192|218101|39646
33699|13330|2999074|391319
33699|41645|543178|113639
33699|16503|264344|55698
33699|104211|287180|62646
33699|26248|3567509|406286
33699|14022|3085560|344693
33699|242414|3493736|
33699|33699|1957176|387838
33699|335909|3865935|448942
33699|242414|3134854|
33699|26248|3567504|406286
33699|26248|3567603|406286
33699|680|2841731|164441
33699|992512|2986747|
33699|52318|3003614|
33699|26248|3567597|406286
33699|362|2952927|
33699|1020285|3089110|345272
33699|639678|3903966|
33699|81381|3956490|461292
33699|14186|3539698|400294
33699|1172|3839200|444885
33699|8371|2880151|
33699|388|2285904|129134
33699|251|683516|79671
33699|26248|3567506|406286
33699|33920|2883619|
33699|25131|804389|242886
33699|736|4061273|477775
33699|26577|485896|
33699|44794|2333943|145347
33699|33699|3393159|389585
33699|16503|2394115|140062
33699|73239|3649936|419835
33699|33699|4124062|484330
33699|22499|3237756|326195
33699|195029|4170831|489970
33699|2122|3377100|387958
33699|27957|122845|
33699|64930|2475520|
33699|33699|2951770|
33699|1020285|3950738|463408
33699|909|3377138|387958
33699|65396|3258272|337849
33699|208656|2384130|
33699|242414|3905684|
33699|505149|2921970|
33699|1653652|4133491|
33699|1422|2942650|387958
33699|340690|3265962|
33699|140503|358372|
33699|392203|3284636|375959
33699|1117053|3116250|
33699|335818|3289656|373434
33699|35439|110610|27051
33699|187600|557527|105759
33699|33699|3298145|148586
33699|45861|139573|219472
33699|242414|3439312|
33699|664145|2925774|
33699|2439|3377126|387958
33699|33699|3375563|387838
33699|386489|3016945|
33699|152740|2496295|
33699|104211|2436583|62646
33699|1446636|3649939|419835
33699|83674|698312|
33699|138007|2846736|
33699|335818|723543|
33699|33699|3375552|219472
33699|622139|589463|140114
33699|33698|2889128|229784
33699|104211|3113692|
33699|183188|2478723|153470
33699|33920|2968114|
33699|44794|4058684|475076
33699|144165|364834|83412
33699|33699|3393152|389585
33699|1020285|3125506|345272
33699|650084|2440367|
33699|1142595|3324877|377985
33699|1385259|3527198|403403
33699|77530|3198739|223106
33699|498|3377183|387958
33699|33699|3377031|387952
33699|73239|4084287|489300
33699|33699|4126063|484330
33699|33699|3375553|219472
33699|33699|3393439|389585
33699|386489|1372679|
33699|1015416|2880376|242908
33699|33699|3393113|389585
33699|33699|3375555|219472
33699|1015416|2880377|242908
33699|1015416|2880381|242908
33699|33699|3375559|219472
33699|13945|3375568|387838
33699|183188|2476085|153470
33699|1120683|3742621|427468
33699|257136|568875|114605
33699|33699|4126064|484330
33699|43108|656977|117279
33699|1015416|2880378|242908
33699|1015416|2880379|242908
33699|979870|3535062|404241
33699|33699|3375558|219472
33699|67315|208739|
33699|19305|2880281|220465
33699|52146|155895|34618
33699|38325|3922664|456646
33699|78446|3174666|359277
33699|660075|4057925|
33699|558077|2408769|
33699|53550|3087916|344757
33699|1071035|3547270|405803
33699|179377|426812|101493
33699|660075|2482235|
33699|228582|3727945|433571
33699|641706|2652662|153513
33699|33699|3375557|219472
33699|153933|381420|
33699|24214|106808|
33699|41645|3029725|33071
33699|621980|2393239|
33699|1549193|3888784|451964
33699|43108|656976|117279
33699|24214|106806|
33699|35439|313828|53329
33699|1001487|2857396|220700
33699|243998|2267658|
33699|651401|2442494|
33699|300517|2279392|
33699|1015416|2880384|242908
33699|25199|2304675|123842
33699|1064995|3261398|
33699|33699|4237941|
33699|1183358|3173002|114110
33699|33699|3908953|389585
33699|24214|106795|
33699|24214|106811|
33699|617572|2387194|
36198|674430|3047869|
36198|1745|530222|112997
36198|16808|673444|
36198|1055462|2949473|324160
36198|44080|3656260|
36198|24823|458203|
36198|20503|2377868|
36198|979243|3532043|
36198|66722|2884182|
36198|111|93837|22897
36198|21982|3538598|
36198|20742|2329787|
36198|4168|112410|27314
36198|1486|3718093|429199
36198|36198|192368|
36198|1064438|3559640|407406
36198|183748|2838872|
36198|17560|3119155|349679
36198|1172524|3458676|398022
36198|288057|692475|116561
36198|594930|3149612|333092
36198|1064438|3561966|407406
36198|1064438|2969389|327420
36198|29745|3609253|414217
36198|1461737|3687226|424866
36198|1064438|3561880|407406
36198|36198|3984295|465177
36198|36198|3997125|
36198|1064438|3781611|437456
36198|36198|4077668|
36198|754562|3852482|447060
36198|36198|4067774|
36198|1553338|4016430|462276
1439530|1439530|3655549|392598
1439530|1439530|3655542|392598
1439530|1439530|3655551|392598
1439530|1439530|3632243|392598
1439530|1439530|3655550|392598
1439530|1439530|3655548|392598
1439530|1439530|4075787|479468
1439530|1439530|3655547|392598
1439530|1439530|3655545|392598
1439530|1439530|4091482|479468
1439530|1439530|3655553|392598
1439530|1439530|3655544|392598
1439530|1439530|3655555|392598
1439530|1439530|3655543|392598
1439530|1439530|3655546|392598
1439530|1439530|3655554|392598
1439530|1439530|3655552|392598
1439530|1439530|3984455|
1439530|1439530|4091479|479468
1439530|1439530|4091481|479468
1439530|1439530|4091480|479468
698|438|1414|19231
698|438|1406|19231
698|438|79425|13881
698|438|49040|19231
698|438|53667|11727
698|438|5306|11201
698|438|55329|11201
698|438|51603|11727
698|438|79406|13881
698|438|49222|19231
698|745|50970|18027
698|9248|3595|30107
698|438|55994|19231
698|438|5401|11201
698|322517|49984|1552
698|350633|49071|181410
698|357|80787|15289
698|438|5130|19231
698|759|5917|6086
698|438|74768|1552
698|339|3245790|
698|438|80345|13881
698|438|53932|11727
698|438|76519|
698|322517|101987|1552
698|438|57217|
698|322517|64995|1552
698|698|132129|29024
698|438|58779|12631
698|1546|50587|7151
698|438|2016244|12631
698|438|78760|11727
698|438|69009|12631
698|438|57266|11727
698|438|53708|11727
698|698|255872|44919
698|698|68984|15662
698|13|105377|20357
698|40970|184359|165680
698|322517|65000|1552
698|1190|2445008|146796
698|698|49150|11141
698|41330|2477075|332811
698|438|62387|11727
698|285745|82411|19514
698|438|3533486|404149
698|438|3533586|404149
698|438|65857|11201
698|438|397325|12631
698|438|63159|
698|438|57032|12631
698|698|2136400|
698|698|51449|11141
698|1057|1273371|16866
698|438|513533|13881
698|438|2136445|11727
698|322517|344547|1552
698|698|180669|37787
698|438|368326|
698|438|342163|11727
698|438|455391|11201
698|736|51501|11163
698|698|121571|29024
698|438|419358|11201
698|698|132114|29024
698|698|567341|
698|698|65936|
698|339|3647448|419484
698|698|127856|29024
698|9477|444495|267685
698|438|3533506|404149
698|151729|3017948|
698|438|3533527|404149
698|698|304934|11141
698|698|2504669|
698|698|408825|96030
698|698|2056768|96030
698|698|2042214|
698|35639|197925|
698|698|745577|
698|698|1848650|
698|19233|2045475|325792
698|698|134389|
698|698|3004944|
698|9477|2952288|148049
698|438|2016240|12631
698|1057|1412751|16866
698|8545|2297813|130286
698|14650|735918|112603
698|698|304910|29024
698|438|3005933|
698|37289|2167144|127165
698|1057|1842277|16866
698|1066210|3025990|328114
698|698|62670|14102
698|698|1846944|29024
698|698|1846289|
698|698|2462166|
698|1631|3100825|
698|698|181421|
698|698|181420|
698|698|2296327|11141
698|25889|3712758|428470
698|698|2797812|
698|698|2829107|
698|37233|2325979|
698|698|304901|
698|698|2829037|
698|1146369|3103828|
698|698|3100817|
698|698|2771112|
698|698|2771117|
698|698|2797818|
698|698|522747|11141
698|698|2797859|
698|9477|2952301|148049
698|698|2818248|
698|12387|1251589|385396
698|67936|210278|
698|698|393577|
698|698|2797827|
698|698|3007098|37263
698|698|2797866|
698|698|2828300|
698|698|2852015|
698|698|62929|
698|698|2172206|
698|698|2797872|
698|698|2852675|
698|698|2832834|
698|12164|2472217|22737
698|698|2852014|
698|698|2832970|
698|698|3541358|
698|698|1780857|
698|9477|2458541|148049
698|698|2852001|
698|698|2592997|
698|698|2836964|
698|1496250|3772645|
698|698|2831677|
698|698|2880412|242913
698|698|2851962|
698|698|2771107|
698|698|3100819|
698|698|2771127|
698|698|2465499|
698|698|2082721|
698|330649|2911819|303843
698|736|3985044|
698|988236|3074576|
698|698|2771137|
698|504390|2472218|
7570|162|190|8966
7570|820|4759|11886
7570|1022|56704|12144
7570|14148|2910138|302231
7570|14148|3236424|366368
7570|14148|2909282|302231
7570|14148|83944|19521
7570|14148|3236376|366368
7570|367|30536|5445
7570|820|57169|
7570|1130|28810|5050
7570|388|2323745|132580
7570|14148|3236380|366368
7570|1022|3322903|381594
7570|820|55379|12181
7570|14148|61077|13671
7570|1130|28816|5050
7570|176|3755241|433913
7570|14148|524662|112316
7570|14148|2905665|302231
7570|5980|20108|3146
7570|14148|2910234|302231
7570|1021|57547|12107
7570|1022|19430|3001
7570|388|287997|52401
7570|14148|83941|19521
7570|162|41187|8964
7570|1130|28885|5057
7570|14148|205913|31943
7570|1022|2131|3000
7570|3961|22444|3614
7570|14148|4046066|473107
7570|221|72730|148964
7570|388|2347549|132580
7570|221|5959|4012
7570|162|101282|21155
7570|1381491|3512013|401568
7570|5980|20111|3146
7570|162|41192|8964
7570|1117382|3058072|339648
7570|1130|28808|5050
7570|15635|274935|59053
7570|162|41194|8964
7570|1381491|3512014|401568
7570|162|41217|8966
7570|388|2336964|132580
7570|2194|65831|13229
7570|14148|205917|31943
7570|1130|28850|5053
7570|1130|5661|5050
7570|1381491|3512018|401568
7570|1130|28812|5050
7570|1022|19419|3000
7570|388|2370250|132580
7570|1381491|3512021|401568
7570|14148|3255099|366368
7570|388|44494|9727
7570|14148|87103|19521
7570|388|346251|80292
7570|1130|28768|5042
7570|14148|83948|19521
7570|1381491|3512022|401568
7570|1381491|3512017|401568
7570|15635|2286919|129399
7570|1381491|3512016|401568
7570|13555|3342420|383234
7570|14148|422436|
7570|1381491|3512020|401568
7570|1381491|3512015|401568
7570|1381491|3512008|401568
7570|1381491|3512019|401568
7570|70443|349927|
7570|388|2353252|132580
7570|645935|3293280|377238
7570|3961|22425|3614
7570|388|2350845|132580
7570|1617576|4046047|473107
7570|388|2317374|132580
7570|388|2368562|132580
7570|14148|140898|31943
7570|1130|28823|5050
7570|2902|9927|776
7570|14148|532871|112316
7570|1130|28841|5053
7570|14148|205918|31943
7570|51011|359272|108958
7570|1892|212314|4794
7570|605|34440|6934
7570|1617550|4046043|473107
7570|1130|28847|5053
7570|5980|20109|3146
7570|655|237340|48021
7570|388|2368211|132580
7570|5980|20115|3146
7570|162|41186|8964
7570|2902|9957|779
7570|162|180879|31722
7570|12727|415856|80292
7570|2902|9968|779
7570|1892|27655|4795
7570|1130|28817|5050
7570|1130|28815|5050
7570|2902|9964|779
7570|1021|28770|5042
7570|1130|28811|5046
7570|13555|3334441|383234
7570|162|139598|31722
7570|1802|42891|9321
7570|40332|2361636|132580
7570|5980|20136|3146
7570|2374|99340|24541
7570|14148|221016|31943
7570|594276|96296|4660
7570|14148|224303|31943
7570|15635|2308679|129399
7570|100|353670|80292
7570|684|4046045|473107
7570|1130|28775|5042
7570|2902|9950|777
7570|2051|214159|44316
7570|645935|3293345|377238
7570|1130|28849|5053
7570|645935|3293327|377238
7570|1130|28882|411467
7570|3657|24730|4155
7570|2902|9960|779
7570|13555|415426|80292
7570|14148|485971|19521
7570|2902|9967|779
7570|13555|418481|80292
7570|1130|28827|5051
7570|1130|28782|5045
7570|211611|491165|109446
7570|13627|362003|80292
7570|688|104671|9650
7570|1130|28803|5046
7570|1130|28845|5053
7570|724|174544|27177
7570|40330|2370232|132580
7570|18944|2369126|132580
7570|15635|2308673|129399
7570|15635|2308676|129399
7570|15635|395144|59053
7570|1130|28851|5053
7570|53774|4153899|488067
7570|3654|13564|1488
7570|5980|20116|3146
7570|120397|319425|70620
7570|1130|28813|5050
7570|1222505|4046069|473107
7570|1218209|4046060|473107
7570|16041|70946|16164
7570|162|2855602|31722
7570|51011|484219|108958
7570|1130|28848|5053
7570|1130|28838|411467
7570|1130|28784|5042
7570|3244|8668|380663
7570|15635|2301526|129399
7570|3244|217975|504
7570|5980|20114|3146
7570|1130|1008773|5053
7570|13555|3342422|383234
7570|2902|9955|779
7570|15635|404517|59053
7570|58|14733|262537
7570|1425678|22223|3566
7570|2902|9965|779
7570|1218608|4046048|473107
7570|13555|4046063|473107
7570|1130|28884|5060
7570|13555|469011|104159
7570|15635|2308691|129399
7570|15635|403818|59053
7570|1892|27651|4794
7570|2902|9966|779
7570|440111|717486|
7570|183283|715588|
7570|13555|3334450|383234
7570|13555|463508|104159
7570|3244|218128|504
7570|1130|28843|5053
7570|327|3545481|405586
7570|645935|3293326|377238
7570|15635|274969|59053
7570|129696|337440|76047
7570|15635|2308685|129399
7570|1156576|3121779|5897
7570|645935|3293320|377238
7570|645935|3293350|377238
7570|51011|513034|108958
7570|51011|497533|108958
7570|221|3153488|4012
7570|2902|9928|777
7570|1021|113261|5051
7570|645935|3293334|377238
7570|15635|405214|59053
7570|15635|2308694|129399
7570|1130|28856|5053
7570|3658|2838993|131658
7570|2902|9940|776
7570|2902|9943|777
7570|15635|410456|80292
7570|1021|79237|
7570|3657|24737|4155
7570|3249|284276|31369
7570|645935|3293330|377238
7570|1130|28788|5045
7570|5320|214163|44323
7570|15635|395216|59053
7570|1892|403438|93716
7570|1130|856453|5051
7570|1130|1834095|411467
7570|3244|8666|498
7570|3244|8675|504
7570|15635|403680|59053
7570|2902|9929|776
7570|16041|134445|16164
7570|14148|3248778|21763
7570|1892|27662|4797
7570|54274|180917|37836
7570|3654|274992|58697
7570|129696|2264700|76047
7570|1130|1833963|5053
7570|1130|3598611|5053
7570|1350669|3508965|
7570|58973|263233|
7570|129696|2272167|76047
7570|3350|3006954|37263
7570|15635|405667|59053
7570|82835|2308895|
7570|1892|117611|4795
7570|5317|140609|27609
7570|129696|2272169|76047
7570|1892|27656|4795
7570|1892|407421|3566
7570|129696|2272181|76047
7570|5317|25719|4335
7570|1892|404978|4795
7570|1021|229601|
7570|1892|155438|
7570|51011|513039|108958
7570|51011|513043|108958
7570|1130|857182|
7570|129696|1782826|76047
7570|129696|2272177|76047
7570|129696|2272179|76047
7570|51011|513037|108958
7570|15635|418956|28079
7570|3654|167324|35937
7570|3244|218144|504
7570|14148|3239796|367941
7570|2902|3315620|380663
7570|94884|2473381|151822
7570|1021|62903|
7570|1001487|2857382|220700
7570|5797|508654|
7570|51011|513044|108958
7570|12727|464227|107048
7570|3244|1799561|144530
7570|15635|540608|113535
7570|3654|281418|58697
7570|129696|1783242|76047
7570|1892|123337|28270
7570|1892|405799|
7570|129696|2272173|76047
7570|7060|137568|19746
7570|1892|402786|28273
7570|1892|117610|28270
7570|5980|3879231|450764
7570|129696|1783257|76047
7570|152392|378552|87296
7570|3654|167331|35937
7570|69729|214667|
7570|69283|213650|44165
7570|15635|421675|16385
7570|136463|419430|95869
7570|129696|2272188|76047
7570|5980|2177989|450764
7570|582|327793|73218
7570|5980|2181122|450764
7570|72345|438265|
7570|129696|1780080|76047
7570|3244|3320157|504
7570|440111|2029271|319633
7570|3654|169179|35937
7570|2902|3320103|380663
7570|5980|2180995|450764
7570|1892|3320136|380663
7570|5980|3879229|450764
7570|5980|2176887|450764
7570|5317|204392|
7570|5980|3879226|450764
7570|3244|3320128|380663
7570|3244|3320112|380663
7570|16408|501937|111052
7570|1802|4309098|466275
634529|551136|3180657|360957
634529|634529|4028016|
634529|978712|2854994|159703
634529|551136|3225610|360957
634529|551136|3207561|360957
634529|551136|3225608|360957
634529|551136|3225612|360957
634529|978712|2836151|159703
634529|978712|3920004|392775
634529|551136|2889169|229341
634529|551136|2410216|142229
634529|551136|3225614|360957
634529|1572441|3943883|
634529|551136|3225609|360957
634529|551136|3225611|360957
634529|978712|2857347|159703
634529|634529|4295399|
634529|18534|3556565|392754
634529|551136|3225613|360957
634529|1071948|2979935|329249
634529|551136|2886413|229341
634529|551136|2469901|146142
634529|978712|2857369|159703
634529|551136|3225607|360957
634529|978712|2857325|159703
634529|551136|3580885|
634529|551136|2436416|146142
634529|551136|2889163|229341
634529|551136|2470852|146142
634529|551136|2875224|229341
634529|1071948|2987980|329249
634529|978712|2857361|159703
634529|621117|3272622|374062
634529|551136|2470846|146142
634529|17681|4060846|475193
634529|1072518|2825797|329466
634529|551136|2414648|142229
634529|1072518|2820138|329466
634529|1211435|3413052|394178
634529|551136|2463135|146142
634529|1071948|2988036|329249
634529|1071948|2987996|329249
634529|1156669|3441783|394828
634529|551136|2414664|142229
634529|551136|2889173|229341
634529|621117|3272599|374062
634529|621117|3272623|374062
634529|551136|2414656|142229
634529|551136|2470851|146142
634529|230721|3379229|503738
634529|1211435|3533160|394178
634529|1071948|2988039|329249
634529|1156669|2994914|350134
634529|1072518|2707770|329466
634529|1211435|3549315|394178
634529|1072518|2835547|329466
634529|1211435|3366217|394178
634529|1072518|2835538|329466
634529|551136|2941114|142229
634529|1072518|2835569|329466
634529|1156669|3792629|439259
634529|1211435|3436046|394178
634529|621117|2929035|335775
634529|1156669|3446779|394828
634529|44980|4240462|496914
634529|621117|3096760|475285
634529|1211435|3551036|394178
634529|1156669|3121960|350134
634529|1211435|3549440|394178
634529|1072518|2850091|329466
634529|1156669|3446777|394828
634529|1211435|3533122|394178
634529|1156669|3792946|439259
634529|1156669|3792956|439259
634529|1156669|3446778|394828
634529|1156669|3176981|350134
634529|1156669|3176970|350134
634529|1211435|3549455|394178
634529|551136|3602335|
634529|1211435|3549260|394178
634529|1211435|3549362|394178
634529|1156669|3792957|439259
634529|621117|4060195|475285
634529|621117|4060194|475285
573490|35586|3145395|378724
573490|35586|3303123|378724
573490|35586|3303126|378724
573490|35586|3303122|378724
573490|35586|3303128|378724
573490|25079|3279125|
573490|35586|3303125|378724
573490|35586|3303121|378724
573490|35586|3303129|378724
573490|35586|3303124|378724
573490|654671|3840175|445833
573490|1167074|4189380|486740
573490|1668381|4093090|
573490|1636008|4086672|
573490|1167074|4189388|486740
573490|1565016|3925745|457060
573490|156314|2319776|131021
573490|1167074|4189394|486740
170|123|180|2605
170|123|744|2605
170|46|167|9337
170|123|139|2597
170|46|201|9337
170|123|1397|2605
170|11353|361653|30408
170|1020|3245236|349580
170|46|2355|9337
170|59|312|38
170|4|3985380|98888
170|974|4833|426756
170|123|17978|2605
170|46|326|9337
170|909|50785|10918
170|42|706|9852
170|46|3337|9337
170|123|2644|2605
170|170|2684|167749
170|554|60923|12386
170|123|2481|2597
170|132097|92105|77477
170|123|2479|2597
170|446|642690|124197
170|11353|2670511|156166
170|464|16568|2204
170|59|6618|43
170|59|6569|38
170|464|16597|122124
170|123|2031|2605
170|59|4523|43
170|170|27209|4694
170|46|42945|9337
170|59|6548|33
170|59|544018|131959
170|46|836|494227
170|464|5181|2204
170|5725|41236|8967
170|4|28619|5001
170|13291|72162|
170|123|17964|129246
170|464|153382|2204
170|464|74234|277155
170|170|27162|167749
170|1880|31666|37209
170|778477|6721|75
170|48956|416189|114007
170|123|348143|2605
170|170|27204|4690
170|8356|31972|5991
170|46|43104|36394
170|123|3323384|
170|464|16573|2204
170|464|16569|2204
170|59|145413|502164
170|464|16565|2204
170|5346|33888|38310
170|170|69893|80704
170|123|3264767|
170|59|75994|502164
170|149|34972|192375
170|464|16575|2204
170|46|43143|9388
170|100|37006|7529
170|3431|15927|2051
170|59|542005|502164
170|46|257028|51565
170|42|44965|9852
170|464|147423|32914
170|170|27212|4694
170|5413|210393|
170|86|28701|124058
170|46|43010|9343
170|170|27188|4689
170|464|16522|2198
170|170|27203|4690
170|170|27198|4690
170|464|16563|2204
170|31405|1866305|25384
170|46|43110|9384
170|464|27224|4694
170|9142|35877|323712
170|170|27197|4690
170|170|27227|4694
170|170|27164|167749
170|464|16516|2194
170|318|3110565|340903
170|464|16527|2198
170|2524|22504|3629
170|464|16574|2204
170|46|43158|338187
170|59|2458640|131959
170|123|668117|2597
170|46|43114|9384
170|688|44224|9647
170|170|150212|32914
170|59|2320401|502164
170|59|2152357|502164
170|1342|32161|36394
170|1227|8874|548
170|149|35010|7073
170|8231|672141|117617
170|149|34990|192375
170|46|43117|9384
170|464|16566|2204
170|1317|15186|1883
170|46|43108|9384
170|464|16584|36395
170|464|1497506|145201
170|170|1246487|
170|464|16572|2204
170|11830|56451|12402
170|123|17968|145201
170|464|16562|2204
170|564439|2304945|
170|464|16528|2198
170|464|228375|2204
170|46|42965|9338
170|170|27219|4694
170|170|27220|4694
170|6639|189267|3831
170|3431|15941|2056
170|209|12731|1338
170|263426|79279|115907
170|46|43064|325379
170|170|27214|4694
170|1088|74258|1119
170|1374787|3505847|400941
170|946|25537|4299
170|1007|277483|2348
170|1317|15182|1883
170|59|2436936|502164
170|191|45821|10038
170|46|1509596|85181
170|464|16567|2204
170|170|1861481|122812
170|46|43127|9387
170|3431|15932|2051
170|46|42934|9336
170|169|47528|10417
170|170|2126031|
170|170|27167|167749
170|1247|14816|36394
170|170|150208|32914
170|40972|439944|215486
170|350|26872|4613
170|464|27223|4694
170|464|16511|2194
170|464|16520|2194
170|46|2934107|
170|170|27160|167749
170|170|667452|117720
170|53298|279446|44060
170|291|150892|20780
170|170|27218|4694
170|464|16577|2204
170|170|1860244|122812
170|170|27221|4694
170|170|27192|4690
170|46|558088|113543
170|170|27217|4694
170|1007|17023|2348
170|170|27174|167749
170|464|16512|2194
170|49499|2170078|137684
170|46|62818|
170|220|21319|3386
170|46|730650|122028
170|556110|44962|153340
170|630914|2408005|141926
170|3806|10557|897
170|170|147428|32914
170|170|27173|167749
170|946|12831|4294
170|4637|3181983|286435
170|4231|18557|2767
170|170|192613|80704
170|170|150219|32914
170|1604|172624|9707
170|149|34970|192375
170|357728|1576518|156979
170|170|27179|45258
170|1513|42253|9202
170|2972|83815|19914
170|170|3034392|
170|170|27193|4690
170|149|34993|7073
170|405|147313|296747
170|119|9305|645
170|209|12843|1356
170|170|27165|167749
170|1034538|2913101|303997
170|170|27200|4690
170|170|27207|4690
170|170|147426|32914
170|5168|16579|2206
170|12360|51942|11300
170|3431|16598|145201
170|170|27213|4694
170|46|43076|150111
170|5069|16582|36398
170|13291|93395|22723
170|170|27177|167749
170|169|47525|10417
170|464|16570|2204
170|59|184510|164453
170|3431|15914|2049
170|170|27222|4694
170|464|16519|2194
170|149|34987|192375
170|59|3300454|502164
170|170|27190|4690
170|170|27159|167749
170|170|150193|32914
170|170|408736|380426
170|3961|22435|3615
170|13291|93281|14595
170|170|27148|80704
170|170|27210|4694
170|170|27152|4678
170|3431|15930|2051
170|170|27155|167749
170|3526|12337|1267
170|5|14014|1596
170|46|2896309|
170|4231|344284|2763
170|4738|14558|
170|170|27225|4694
170|3431|3423937|391645
170|556110|44959|153340
170|1769|32156|6110
170|3431|15926|2051
170|170|27199|4690
170|464|456533|85181
170|46|2866599|
170|556110|2376367|327962
170|464|16517|2194
170|127|41531|9035
170|3929|11243|1059
170|170|671565|4678
170|977|105632|25055
170|170|27182|167749
170|12360|83126|11300
170|170|27170|167749
170|5190|42805|405775
170|170|27196|4690
170|170|27181|4690
170|170|95431|
170|170|27208|4694
170|149|1798908|7076
170|16880|10573|287156
170|485|29632|37848
170|291|48166|10575
170|169|47536|10417
170|170|27191|4690
170|170|27175|167749
170|170|27171|167749
170|3422|43229|9408
170|638|676184|
170|170|27163|167749
170|170|27168|167749
170|605|34503|6947
170|170|747115|115995
170|1451|39533|8599
170|464|16531|2198
170|4231|18537|2765
170|405|1913272|17532
170|464|16525|2198
170|2972|83819|19914
170|170|27201|4690
170|46|547777|26896
170|46|42947|497617
170|464|16515|2194
170|170|27157|4678
170|170|704732|80704
170|170|747124|115995
170|170|16586|36398
170|9142|35878|7273
170|464|16530|2198
170|4231|18552|2767
170|170|147433|32914
170|475|199857|20023
170|170|27211|4690
170|170|27226|4695
170|1423|2436521|325798
170|556110|2393517|327962
170|170|27216|4694
170|170|27202|4690
170|1001264|2866085|
170|2121|22404|3606
170|464|1618026|201083
170|1095453|1868775|123192
170|170|27180|255863
170|217|2475419|13333
170|12360|57588|11300
170|1095|213311|44077
170|464|16513|2194
170|170|27172|167749
170|170|27185|167749
170|170|27206|4690
170|170|27169|167749
170|42|179104|10827
170|58|14662|1756
170|464|1829897|277155
170|170|27176|167749
170|170|27187|4688
170|642|44615|9766
170|170|27153|4678
170|464|16523|2198
170|16880|10581|287156
170|170|27156|4678
170|12360|2940587|11300
170|3431|15917|2049
170|3107|414040|10227
170|170|704749|80704
170|2609|9202|617
170|170|27195|4690
170|464|16529|2198
170|3431|39469|
170|30600|100729|24948
170|170|671374|4678
170|170|704697|117720
170|377974|15900|2047
170|3431|15910|2049
170|3431|15909|2049
170|3806|10547|897
170|3098|47448|10396
170|170|760473|115995
170|170|27184|45258
170|4367|39426|335473
170|170|704724|80704
170|170|27189|
170|605|34501|6947
170|2609|9192|613
170|170|741722|122812
170|2783|34169|6881
170|464|1230455|201083
170|170|704700|117720
170|7869|1074900|218434
170|170|27194|149299
170|3917|19993|3116
170|4599|13993|1585
170|556110|44964|153340
170|170|16591|37598
170|464|16524|2198
170|3431|15918|2049
170|170|1860902|122812
170|3431|15889|2043
170|170|1840560|4690
170|4939|33353|9193
170|170|1851030|80704
170|170|743427|115995
170|464|1007882|201083
170|464|922220|201083
170|1629|73080|15614
170|1423|3418542|392463
170|266|19371|2986
170|464|16518|2194
170|170|27149|4678
170|464|1019537|201083
170|170|27166|167749
170|170|747121|115995
170|170|670435|4678
170|170|749877|
170|464|16526|2198
170|170|1848417|117720
170|464|16561|2202
170|464|16541|2198
170|556110|44961|153340
170|141|29287|149672
170|2651|1843643|287156
170|3552|30113|5360
170|464|1342651|201083
170|5625|18245|2692
170|170|27183|4678
170|170|27205|
170|170|492795|
170|314671|426813|187958
170|505|48640|10679
170|464|16507|2194
170|314671|488466|187958
170|12360|548996|11300
170|170|1237859|
170|748|21511|3432
170|464|16532|2198
170|556110|44957|153340
170|170|741732|115995
170|464|1237762|201083
170|59|4005197|164453
170|223077|720421|
170|1451|39202|8350
170|464|16533|2198
170|170|27158|4678
170|170|1840585|
170|170|150213|32914
170|170|747119|115995
170|170|150206|32914
170|94962|2332032|57005
170|5273|17190|2403
170|464|16535|2198
170|3429|16505|2191
170|508|39790|8665
170|1227|8889|551
170|464|1691534|208674
170|12360|543384|11300
170|170|671477|4678
170|630914|2408013|141926
170|946|25419|4290
170|556110|44960|153340
170|170|741725|115995
170|170|27146|4676
170|556110|12844|
170|6735|27150|4679
170|12360|89092|
170|170|995124|
170|3070|7965|329
170|170|704713|80704
170|2204|14570|1730
170|170|27178|167749
170|3264|1839038|3907
170|170|741718|122812
170|2651|1842851|
170|170|27233|4695
170|464|1610036|201083
170|170|689287|4690
170|170|670338|117720
170|291|48161|10575
170|642|3257600|9766
170|170|27154|4678
170|464|1815785|201083
170|170|150214|32914
170|94962|3281756|57005
170|457|2328654|119489
170|464|1151147|208674
170|3422|43233|9408
170|4489|13589|1494
170|464|16521|2194
170|26859|358858|153782
170|170|1852452|80704
170|23958|716223|120466
170|464|1455254|201083
170|170|671621|4678
170|170|1862566|122812
170|170|704710|80704
170|170|147419|32914
170|464|1985216|308
170|556110|44958|153340
170|170|743421|115995
170|170|27151|4678
170|11353|4065209|466016
170|556110|12738|1340
170|403|3246160|410360
170|464|1636923|208674
170|3947|11356|1082
170|4825|46172|
170|170|747140|115995
170|170|2025642|117720
170|556110|2393513|327962
170|529|43665|404741
170|1553|3110618|306
170|170|689310|4678
170|464|1119500|201083
170|94962|3277885|57005
170|170|747117|115995
170|3415|13722|1530
170|170|704752|80704
170|977|2419933|25055
170|170|704717|80704
170|170|2025652|122812
170|6735|23868|3938
170|209|391995|1354
170|220|1839060|154124
170|170|147435|32914
170|12360|3761576|11300
170|170|670537|4678
170|170|704750|80704
170|170|147430|32914
170|170|747128|115995
170|170|704701|117720
170|170|2025627|117720
170|170|150203|32914
170|12360|1220194|11300
170|170|704709|80704
170|128017|334480|75199
170|170|27186|4688
170|5971|20090|3139
170|4599|14004|1591
170|170|760472|115995
170|170|1209719|
170|598910|2358122|135563
170|49500|150217|32914
170|464|1700795|201083
170|464|885008|201083
170|170|704745|80704
170|170|1862574|115995
170|170|747166|115995
170|170|1816940|4690
170|1629|74394|7413
170|170|1863323|117720
170|526|18247|2689
170|170|1360835|4690
170|464|1339932|201083
170|170|747165|115995
170|170|689296|4678
170|12360|1575587|11300
170|170|1840963|
170|170|704703|117720
170|170|704705|117720
170|170|2025604|115995
170|12360|1714274|11300
170|464|926590|208674
170|170|27147|4676
170|170|150194|32914
170|5273|17178|2403
170|464|4007715|208674
170|170|1291593|
170|352338|760476|32914
170|170|747163|115995
170|3947|11357|1082
170|224715|1932789|111713
170|59|4064429|475843
170|170|150201|32914
170|464|3380312|388266
170|5625|18254|2692
170|170|150198|32914
170|170|1646758|
170|170|747141|115995
170|170|760471|115995
170|170|670350|4678
170|170|1221171|
170|170|741714|122812
170|59|4064433|475843
170|170|704707|117720
170|464|1092422|208674
170|59|4064434|475843
170|464|4007708|208674
170|170|1862569|122812
170|464|4007710|208674
170|12360|3761578|11300
170|1315798|3429112|
170|170|2025646|117720
170|170|747112|122812
170|170|741729|115995
170|1367700|3496458|399822
170|1367700|3496436|399822
170|170|704702|117720
170|464|4032411|2202
170|464|4007706|208674
170|464|4032404|2198
170|170|150200|32914
170|59|4061981|475467
170|170|760475|115995
170|9142|4221457|7273
170|59|4064440|475843
170|12360|3761579|11300
170|464|4007712|208674
170|12360|3761577|11300
170|59|4064424|475843
170|59|4066658|475843
170|464|4032415|2202
170|170|1845577|
170|59|4064432|475843
170|8598|1815990|50317
170|348116|760477|32914
170|1367700|3496547|399822
170|170|2967309|80704
170|464|4032403|2198
170|59|4064435|475843
170|464|4032413|2202
170|464|4032402|2198
170|464|4032410|201083
170|464|4007711|208674
170|464|4007705|208674
170|464|4032412|2202
170|688|4210659|
170|170|862775|
170|464|4007714|208674
170|464|4007703|208674
170|328329|703739|
170|59|4064437|475843
170|9142|4222568|496568
170|31405|4285732|39737
1056|56|729|7013
1056|56|108|7013
1056|56|731|7013
1056|1122|2381|6671
1056|56|78861|12283
1056|56|1703|7029
1056|56|631|7029
1056|56|246265|7013
1056|519|44674|9772
1056|56|3462|80987
1056|161762|521|147224
1056|161762|38635|147224
1056|56|5689|359028
1056|161762|5768|147224
1056|1122|33369|6671
1056|351975|5652|149437
1056|56|54820|359028
1056|1056|27511|4753
1056|1056|67598|29752
1056|58|484417|103704
1056|6816|35467|7176
1056|1780|122544|23300
1056|58|471686|103704
1056|1122|33373|6671
1056|251|33544|6720
1056|1056|27506|4750
1056|1122|3488|6671
1056|161762|38643|147224
1056|58|482077|103704
1056|403|130781|30099
1056|6816|35466|7176
1056|1056|27517|4753
1056|81|8772|526
1056|1122|33368|6671
1056|430|27707|4813
1056|1056|27512|4752
1056|338|8937|556
1056|103|58837|
1056|56|246478|7029
1056|6659|23617|3860
1056|1056|27513|4753
1056|35828|2458349|122893
1056|3|109992|3025
1056|1125|14050|149651
1056|1122|33372|6671
1056|6816|35473|7176
1056|58|494880|103704
1056|351975|26732|149437
1056|161762|38647|147224
1056|1056|27504|4750
1056|350540|16641|158333
1056|351975|26736|149437
1056|58|493085|103704
1056|58|483779|103704
1056|161762|38640|147224
1056|58|62684|15425
1056|56|1797905|7021
1056|161762|38639|147224
1056|528902|493757|73150
1056|56|405705|356343
1056|161762|1224|147224
1056|1780|122225|23300
1056|81|216769|397747
1056|58|437005|103704
1056|58|515337|103704
1056|130461|233177|18913
1056|2709|8222|383
1056|1122|33376|6671
1056|72393|383638|87185
1056|351975|26730|149437
1056|1122|33370|6671
1056|1056|31824|36914
1056|58|488679|103704
1056|1122|33367|6671
1056|351975|26740|149437
1056|8361|48126|10567
1056|1054|7670|279
1056|730|3185129|361568
1056|40211|268502|56971
1056|58|492609|103704
1056|3646|110290|
1056|161762|38637|147224
1056|7856|244416|45725
1056|203|270031|19148
1056|1056|27518|4753
1056|2506|44925|9837
1056|1122|33374|6671
1056|403836|3218826|
1056|1056|27502|4750
1056|1054|7702|282
1056|397|29787|5268
1056|1122|33365|6671
1056|306|42728|44612
1056|100|37007|7529
1056|1054|7681|279
1056|58|521634|103704
1056|58|531712|126589
1056|1326|36157|409777
1056|351975|26737|149437
1056|1056|27514|4753
1056|1571|3507|
1056|202|10185|824
1056|130461|38396|18913
1056|58|14681|1758
1056|6085|2838448|115078
1056|1258808|13756|1542
1056|9428|37579|7666
1056|6548|2474966|147247
1056|12033|2831894|139457
1056|1056|2163769|126589
1056|223|1073712|
1056|1056|27508|4750
1056|1809|40079|8717
1056|12279|217743|24662
1056|1054|7688|283
1056|1056|27515|4753
1056|3955|11420|1095
1056|1054|7700|282
1056|1054|7697|282
1056|262|134881|4141
1056|1056|2163246|126589
1056|56|3667841|422199
1056|1056|608250|4753
1056|1056|27507|4753
1056|1056|2454786|126589
1056|367|30514|5440
1056|1054|7698|282
1056|1056|249067|4753
1056|1122|33379|
1056|30306|272315|57959
1056|7856|201679|29940
1056|1054|7696|282
1056|2983|1850103|60125
1056|56|3667836|422199
1056|1054|7711|282
1056|1054|7695|282
1056|58|14675|1756
1056|3050|456335|106015
1056|4667|46143|10092
1056|1056|253554|4750
1056|1054|2939431|
1056|251|1797396|6720
1056|1173|2281690|128394
1056|1054|7693|282
1056|367|115959|28037
1056|1054|7699|282
1056|1056|2156298|126589
1056|1054|7692|282
1056|1056|391588|4753
1056|56|3667839|422199
1056|397|29832|
1056|1054|7703|282
1056|10076|40331|8779
1056|1122|33388|6677
1056|1060|46774|10260
1056|1056|2171839|126589
1056|7856|237399|5423
1056|1060|3570297|404646
1056|3658|95128|23305
1056|480|9476|676
1056|1056|2173044|29752
1056|1056|2135959|126589
1056|1258808|13763|1542
1056|267|2301104|
1056|306|1803249|9289
1056|1056|2163871|126589
1056|3486|108340|26579
1056|1056|27510|
1056|4667|977178|10092
1056|1056|2144620|126589
1056|1056|3200796|4753
1056|9795|586036|115194
1056|1056|587472|29752
1056|1122|3657708|6671
1056|1122|2469429|
1056|14381|3037194|
1056|5312|109260|2381
1056|67167|208385|
1056|162|119282|
1056|5448|20894|3303
1056|1056|1840698|
1056|1056|2490307|126589
1056|2555|237325|48016
1056|644397|3170844|356576
1056|1056|2490310|126589
1056|20814|3855680|
1056|1054|791580|282
1056|1056|2173046|
1056|9795|107291|23003
1056|644397|3168219|356576
1056|64136|2826083|160827
1056|1056|3935832|458326
1056|1056|3935687|458326
1056|271230|592972|
1056|1809|3193572|157862
1056|995314|3715024|
1056|1553|3544362|347110
1056|8957|4216908|494632
1056|1574075|3947937|
1056|1704349|4246683|
1056|18846|2415173|
1056|1056|3935799|458326
1056|56|465640|
40475|24823|289144|60319
40475|1037991|3357593|368985
40475|9477|122914|29279
40475|19233|270782|83357
40475|9477|176562|
40475|14325|214387|36890
40475|9477|210456|64230
40475|47130|2450999|
40475|42|235213|34769
40475|85|2296592|130714
40475|1037991|3709195|
40475|21964|3110279|375214
40475|42|235214|34769
40475|554|293490|38405
40475|1480576|3912338|452568
40475|40475|2474172|129067
40475|34731|2016138|125375
40475|1062736|2963253|
40475|42|2474119|155334
40475|554|499526|
40475|42|235231|34769
40475|438|123167|37263
40475|982083|2889061|
40475|63142|478959|
40475|42|531062|111124
40475|211|745101|
40475|939|205123|36309
40475|272|587566|115233
40475|19233|2422528|143782
40475|160041|521622|85181
40475|9477|355128|64230
40475|33238|2964405|326895
40475|301|2820840|127685
40475|1075|283685|59964
40475|9477|249213|48187
40475|40475|3649843|456123
40475|1355|2905420|287291
40475|1037991|3357595|368985
40475|42|2574781|155334
40475|42|2574465|155334
40475|272|587806|115233
40475|40475|2347828|129067
40475|38936|119735|28739
40475|42|2575638|155334
40475|1075|2163433|127304
40475|272|587575|115233
40475|9477|188492|39320
40475|272|588048|115233
40475|9477|65499|
40475|38936|119694|28739
40475|40475|2347841|129067
40475|49243|417153|86569
40475|462535|3158206|326915
40475|1072335|2980807|329380
40475|1075|2251724|127304
40475|272|588080|115233
40475|40475|238510|48187
40475|40475|390940|
40475|40475|2347870|129067
40475|19691|405795|94474
40475|464|456533|85181
40475|9477|293931|64230
40475|40475|2282511|129067
40475|1319|1847493|
40475|9477|2279378|127679
40475|211|2371856|129067
40475|19233|2886737|256908
40475|40475|2281452|129067
40475|9477|240842|36444
40475|40475|3067609|
40475|9477|2531860|128030
40475|40475|2474174|129067
40475|19691|406230|94474
40475|589972|2836328|
40475|14668|197779|27819
40475|1818|249940|40126
40475|396|2456439|34091
40475|436|486905|109345
40475|29745|3329589|370396
40475|25939|325788|48187
40475|40475|236314|
40475|191|4033641|322211
40475|405|336298|
40475|40475|2285024|129067
40475|40475|2236933|
40475|9477|416837|36444
40475|40475|2281454|129067
40475|9477|2170000|36444
40475|40475|2474175|129067
40475|40475|1011048|318134
40475|1396598|395961|91360
40475|40475|2830314|161786
40475|15675|2437506|146306
40475|40475|2474173|129067
40475|9477|345755|36444
40475|46|1471750|85181
40475|40475|2347819|48187
40475|40475|2470141|129067
40475|9477|2169997|36444
40475|211|1836294|25458
40475|1075|3168460|357509
40475|832|2153576|126815
40475|40475|3458393|
40475|1294733|3990490|464520
28628|18047|169265|34784
28628|18047|97410|
28628|18047|181727|34784
28628|21457|104322|25745
28628|18047|181734|34784
28628|34513|744906|122873
28628|18047|247929|50835
28628|18047|182258|34784
28628|18047|113247|
28628|18047|640016|108640
28628|21457|104632|25745
28628|21091|232513|46827
28628|57386|2377636|333440
28628|831|230492|42842
28628|322|78113|18123
28628|96862|272309|57957
28628|1973|92316|22087
28628|18192|2388375|138889
28628|1973|396035|85951
28628|344|449740|
28628|21451|4044560|396085
28628|19750|72364|16545
28628|32579|115182|27920
28628|396565|4259592|
28628|32579|115160|27920
28628|12279|98158|24163
28628|10194|106501|
28628|32579|115084|27920
28628|19178|70740|
28628|32579|115098|27920
28628|3158|216284|44901
28628|1809|108141|26524
28628|17143|176320|
28628|36263|112562|27408
28628|508|39791|8665
28628|114110|307074|67402
28628|69576|214424|
28628|28628|108034|26493
28628|2506|156215|30235
28628|19750|245940|16545
28628|36263|112579|27408
28628|99015|276438|59591
28628|46286|140682|
28628|12279|156348|
28628|1018891|2886446|
28628|98925|282633|
28628|28628|2172800|127560
28628|28628|2172799|127560
28628|28628|2172797|127560
28628|28628|2172830|127560
28628|395643|1780960|
28628|28628|2172826|127560
28628|28628|2172818|127560
28628|87903|255735|
28628|28628|2172819|127560
28628|1190518|746591|
28628|28628|2172823|127560
28628|28628|2172828|127560
28628|28628|2172816|127560
28628|5974|117867|27656
28628|28628|2172801|127560
28628|28628|2172824|127560
28628|28628|2172829|127560
28628|28628|2172821|127560
28628|28628|2172831|127560
28628|28628|2172832|127560
28628|33295|192880|
28628|1203761|3863061|448549
2268|72|2488417|
2268|652275|3248|350432
2268|217208|2325505|134311
2268|88|844|13283
2268|257|2052|11895
2268|72|1003|4343
2268|310|2304247|140822
2268|820|69150|15274
2268|12417|58397|11841
2268|396|50123|11426
2268|460|3569|11334
2268|1073|58516|12029
2268|310|4150|11204
2268|310|4585|11204
2268|1639613|72206|20133
2268|20185|499941|110716
2268|257|57289|13715
2268|4|52254|11356
2268|16751|68612|15144
2268|20185|499882|110716
2268|88|1157|13283
2268|15369|2394332|140224
2268|310|50279|
2268|20185|153747|22127
2268|310|5357|11204
2268|16808|367130|461789
2268|76753|257586|74643
2268|88|6265|338957
2268|1183|113083|27809
2268|1073|200921|24877
2268|11353|63573|13493
2268|16808|79985|461763
2268|1073|200923|24877
2268|257|4641|10386
2268|1319|52853|11540
2268|14325|58515|12998
2268|88|2707|8755
2268|831|80371|461773
2268|1073|60514|13499
2268|151480|2859098|221107
2268|13|155209|31750
2268|257|2373|10386
2268|257|50370|10386
2268|257|5256|10386
2268|1073|88106|13499
2268|1073|200912|24877
2268|1583|89724|16217
2268|758|3311801|329219
2268|310|68306|15448
2268|554|50677|10885
2268|16808|2939587|313646
2268|13|93530|312228
2268|257|58228|11171
2268|257|115236|27856
2268|554|49124|10885
2268|310|49607|11204
2268|13|220386|44919
2268|1073|2402184|223092
2268|88|63068|14167
2268|257|2639|10386
2268|831|85779|
2268|1073|60511|13499
2268|16808|2945525|313646
2268|554|64797|12386
2268|1073|60503|13499
2268|257|55662|10386
2268|492|87312|20819
2268|460|73671|11334
2268|610968|3060681|330004
2268|22853|211923|43754
2268|1073|76195|13499
2268|13|75404|17091
2268|22853|211949|43754
2268|554|5841|105060
2268|42|51139|15983
2268|257|114698|27856
2268|13|119923|27904
2268|217208|2345491|134311
2268|88|579948|112280
2268|22853|211775|43754
2268|1073|60521|13499
2268|554|2304|
2268|257|60912|10386
2268|1073|55152|12029
2268|13|117976|27904
2268|566|4445|
2268|1073|2859872|221287
2268|20757|232074|68129
2268|257|51776|10386
2268|16808|3766393|435487
2268|257|62165|10386
2268|20185|128373|
2268|22853|211920|43754
2268|1583|152793|17522
2268|118|90196|10638
2268|88|53961|
2268|310|60480|11204
2268|1073|58517|12029
2268|1183|114489|27809
2268|13|51958|11308
2268|460|52060|102361
2268|20757|275077|42893
2268|1631|57188|12840
2268|1073|124050|12029
2268|197|376852|78014
2268|1583|72963|30289
2268|1183|3440|
2268|18803|69712|158911
2268|22853|207413|43754
2268|1631|52966|11170
2268|1073|62077|12029
2268|1073|54791|12029
2268|13|75806|17091
2268|2197|133572|
2268|38940|2861495|223529
2268|1073|102133|17256
2268|13|119938|27904
2268|22853|211969|43754
2268|1073|59281|12029
2268|14325|70733|20701
2268|22437|430506|102346
2268|16808|2946143|313646
2268|88|746673|
2268|147|5028|
2268|3|53037|184732
2268|42|70929|15983
2268|20757|271019|42893
2268|310|2416526|140822
2268|158|52388|11218
2268|257|87187|11895
2268|257|5887|10386
2268|23552|121081|43822
2268|144583|423019|100499
2268|460|53466|11334
2268|1073|65974|13499
2268|14325|86584|10932
2268|13|137306|14414
2268|213513|3331331|382796
2268|2268|436820|
2268|144583|365455|100499
2268|2060|86037|32505
2268|758|81631|18592
2268|23681|64108|14468
2268|207474|639048|115761
2268|158|52442|11218
2268|758|112990|27312
2268|72|2925061|
2268|14330|96058|23557
2268|13|741900|122799
2268|286|70184|11697
2268|144583|423004|100499
2268|20757|209709|68129
2268|12936|208231|
2268|13|217067|44919
2268|50175|2829176|221639
2268|257|385771|89073
2268|13|532847|112086
2268|1073|115991|13499
2268|185075|433675|104349
2268|20757|315659|42893
2268|2269|5464|
2268|1073|49763|12029
2268|197|376599|78014
2268|1319|454973|15872
2268|144583|423013|100499
2268|14325|86167|20701
2268|16808|2946432|313646
2268|881997|3772171|424725
2268|160|577330|
2268|16424|432211|102359
2268|1073|3316613|223092
2268|46|5137|9373
2268|23681|173829|126858
2268|1073|2861844|221287
2268|326|4122128|483996
2268|257|386066|27856
2268|20503|654268|32075
2268|2269|71500|488949
2268|206943|3031871|336570
2268|1213|79175|11919
2268|1073|2304788|12959
2268|1068572|3197421|431063
2268|1073|2390502|139436
2268|1001940|3018699|220905
2268|13|480735|106990
2268|13|136248|30067
2268|1073|2301085|130562
2268|257|3754477|433798
2268|144583|425229|100499
2268|257|280287|11285
2268|1073|390871|12029
2268|1194|55365|
2268|1227388|426473|101427
2268|29475|98756|
2268|75|85975|20943
2268|1073|58318|12959
2268|3095|2956889|303807
2268|1073|2301107|130562
2268|1482620|3739625|
2268|1073|154113|12029
2268|2147|52209|
2268|3744|199778|12904
2268|1073|1788140|12029
2268|11707|99141|21627
2268|1073|61332|12959
2268|67|180091|10791
2268|13|2108698|121696
2268|16808|3983893|460938
2268|257|456858|35254
2268|1973|142520|24397
2268|2197|365178|19350
2268|1183|3256211|371769
2268|460|386644|11203
2268|670569|3151746|
2268|1227388|2431019|101427
2268|209930|3052950|438267
2268|11707|89169|21627
2268|13|263023|490908
2268|47131|3104153|
2268|1183|3256824|371769
2268|1073|654204|12959
2268|261838|2401688|141061
2268|455|86938|20931
2268|13|2397151|140484
2268|662594|2850976|159562
2268|1217175|3940724|
2268|17173|3408128|391134
2268|13|2891600|11285
2268|257|3101434|12861
2268|1073|1788148|12029
2268|127561|2391779|
2268|1194|150481|
2268|257|441576|35254
2268|1073|179665|
2268|270|134084|23744
2268|1183|3256825|371769
2268|721|61656|13827
2268|1073|2304799|12959
2268|20705|2445539|324987
2268|4542|148151|26283
2268|257|3754151|433798
2268|1073|654225|12959
2268|257|3222824|21630
2268|1073|362691|12029
2268|260|284521|61907
2268|139800|356798|81245
2268|158|1827820|11218
2268|13|1624013|11308
2268|1073|654176|12959
2268|20185|3236042|
2268|13|2284422|111616
2268|13|3076839|342907
2268|144583|708555|
2268|1073|234530|12029
2268|14325|2826057|12998
2268|4|228746|
2268|1073|654178|12959
2268|1073|1788160|12029
2268|24693|87364|27964
2268|16425|387174|340009
2268|1183|3256828|371769
2268|11707|201041|
2268|21985|230997|46830
2268|257|506456|35254
2268|257|2958827|35254
2268|1183|3281753|371769
2268|257|1822820|35254
2268|257|515702|
2268|1062371|2962721|11171
2268|659716|2458240|
2268|43315|204400|42343
2268|455|181454|11103
2268|1001940|3011364|220905
2268|11707|99147|21627
2268|13|2908613|
2268|133434|3001822|332819
2268|43166|132974|30493
2268|2268|432045|
2268|31985|481220|25610
2268|1073|1788302|12029
2268|257|3093629|21630
2268|260|2887706|269806
2268|1073|2408100|12029
2268|257|3101026|11159
2268|257|699224|35254
2268|257|2958551|35254
2268|1073|654196|12959
2268|260|151400|
2268|257|2962707|11171
2268|671933|2817497|158941
2268|415857|3501795|
2268|42|373931|11010
2268|12187|101348|25136
2268|257|2962750|11171
2268|31985|1128634|27099
2268|31985|495589|27099
2268|435019|2491734|
2268|72377|221077|45833
2268|257|3754481|433798
2268|167|654214|12959
2268|257|3101368|21630
2268|257|160824|35254
2268|11762|50282|15194
2268|257|2958303|35254
2268|1046497|2933747|320034
2268|20705|3221146|324987
2268|23681|222894|
2268|1042084|3359594|385350
2268|186225|503915|
2268|257|2953330|21630
2268|257|1802910|21630
2268|257|2958601|35254
2268|118|802395|12528
2268|257|2962676|11171
2268|1001940|3009687|220905
2268|16425|2936010|340009
2268|260|3105385|347651
2268|20705|3221614|324987
2268|140669|358700|81713
2268|257|2954957|11895
2268|1046497|2936698|320034
2268|257|2962743|11171
2268|366744|912129|
2268|1394377|3756577|446073
2268|1046497|2933928|320034
2268|1045132|3207605|362752
2268|1073|1787659|12029
2268|617626|2393450|
2268|12187|101341|25136
2268|1001940|2858196|220905
2268|1973|432197|13814
2268|230332|522641|
2268|325320|695657|
2268|15829|100152|24778
2268|139800|3139995|81245
2268|1046497|2936635|320034
2268|1183|3256391|
2268|632501|2410641|142299
2268|165251|403565|93734
2268|260|456890|106076
2268|1075|3151546|125065
2268|257|3092118|21630
2268|14378|2292698|
2268|1046497|2933939|320034
2268|1046497|2936684|320034
2268|64995|380183|87022
2268|257|2958608|35254
2268|35984|111838|27284
2268|30904|101291|25114
2268|582261|3070373|342330
2268|13562|3250672|
2268|227195|517752|120564
2268|1046497|2936649|320034
2268|7795|148788|33202
2268|147616|2992959|
2268|12238|2962684|11171
2268|590246|3568679|377215
2268|47209|143616|
2268|260|4117886|483241
2268|252853|561918|
2268|97718|2624014|156972
2268|309072|671247|
2268|1046497|2936642|320034
2268|36158|112285|27355
2268|635485|2416255|
2268|260|3105446|347651
2268|1693249|4250880|
2268|139800|3139984|81245
2268|75293|3599272|410588
2268|30865|254729|52973
2268|1070299|3840315|445673
2268|209930|4133925|485421
2268|1001940|2889131|220905
2268|1170584|3146760|353774
2268|209143|483202|
2268|39690|2164213|121791
2268|590246|2348179|134753
2268|4667|107568|26398
2268|39690|659106|117364
2268|993900|2844751|165199
2268|191898|376026|86531
2268|209934|484726|
2268|100394|279460|60745
2268|55485|218402|45325
2268|193391|458385|
2268|63039|196878|
2268|136677|351197|
2268|260|4117892|483241
2268|151404|3284762|161869
2268|1060604|4211670|494075
44575|46060|440618|
44575|85|433098|108787
44575|130|2890555|
44575|162126|3186102|358502
44575|20503|737615|122065
44575|20503|1792009|126701
44575|20503|761242|122065
44575|1583|3916993|463244
44575|554|382154|49151
44575|20503|528161|112895
44575|20503|2437013|143854
44575|20503|528178|112895
44575|20503|2149787|126701
44575|20503|2423196|143854
44575|326362|3646561|326339
44575|278|2375595|112264
44575|46060|542248|126701
44575|1517491|3817471|474646
44575|639521|4096695|457954
44575|20503|529673|112895
44575|661589|3179974|364637
44575|44575|3208222|385512
44575|14325|521807|
44575|20503|1912273|134201
44575|13616|3612904|402452
44575|24823|280710|60319
44575|20503|2099000|126701
44575|4|2164016|127324
44575|1387709|3520511|402711
44575|20503|3121334|336817
44575|20503|3280995|375408
44575|20503|760606|122065
44575|162126|3201378|358502
44575|20503|2441948|143854
44575|20503|3952403|460279
44575|20503|529773|112895
44575|20503|3977630|460279
44575|13616|733680|256891
44575|661589|3244857|364637
44575|20503|622394|134201
44575|20503|791921|122065
44575|108|2377964|137591
44575|4|3393134|388686
44575|13|3099481|327023
44575|20503|1783309|134201
44575|20503|1878957|126701
44575|162126|3201368|358502
44575|622028|2393323|
44575|20503|530240|112895
44575|20503|2344386|134201
44575|4|690718|117904
44575|1028913|3673980|398504
44575|16751|388139|
44575|85|552676|
44575|85|2302524|130714
44575|216609|2458996|166973
44575|661589|3244810|364637
44575|4|685137|117904
44575|20503|3121336|336817
44575|21982|2886885|287947
44575|20503|731067|
44575|20503|2444716|143854
44575|1450|2389768|309224
44575|13|2873804|164374
44575|24823|2213105|116351
44575|20503|3948639|460279
44575|212339|488763|
44575|20503|622997|
44575|1560889|3913402|385512
44575|1632|2468484|106177
44575|8545|2339573|
44575|1110328|3723123|419783
44575|12798|2908684|295414
44575|20503|1892722|134201
44575|20503|2308281|126701
44575|91049|3467894|503420
44575|407382|2855597|206731
44575|24823|623811|
44575|162126|3229679|368316
44575|1355|569584|
44575|248458|3266120|369778
44575|653543|2989505|330612
44575|20503|2418041|141430
44575|639124|2422669|
44575|46060|578430|
44575|162126|4153733|469601
44575|20503|1930901|
44575|661589|2918994|364637
44575|20503|473078|
44575|20503|3683767|
44575|1263|656818|
44575|20503|645298|
44575|630301|2936973|340709
44575|20503|1874978|116351
44575|162126|3201423|358502
44575|20503|4003672|460279
44575|20503|1912766|
44575|192744|3330461|413248
44575|621678|2435640|145649
44575|13|218303|44919
44575|44575|3351932|385512
44575|24823|1778327|123757
44575|46060|2652014|157306
44575|14325|2433520|144167
44575|13616|2474102|
44575|13|2866088|164374
44575|21964|2917988|303946
44575|1486|98469|24251
44575|236453|3600272|443293
44575|20503|2371822|
44575|1486|65957|17011
44575|21982|2898815|287947
44575|979243|2821782|166952
44575|20503|2344603|134201
44575|24823|2251029|116351
44575|1583|3145475|352348
44575|931|968867|103678
44575|21880|2136191|229905
44575|182521|3269765|
44575|118|3268876|373487
44575|1486|111915|
44575|13953|2254580|127978
44575|20503|1800978|116351
44575|399486|2455240|375753
44575|20503|2131731|
44575|782|2310805|
44575|20503|3862770|
44575|1486|117558|
44575|67|2317446|131539
44575|20503|423719|
44575|337|3458579|
44575|20503|2153146|
44575|257|88432|21399
44575|1397|3262523|337019
44575|13640|2489569|151711
44575|1486|67000|17011
44575|13953|218108|
44575|20503|2286820|
44575|214617|3269993|
44575|61399|1781839|
44575|26968|2432955|329504
44575|67|1899378|125007
44575|13|408359|88451
44575|460|2819308|150863
44575|20503|710418|
44575|1194|2825689|287190
44575|17862|2023952|125598
44575|42769|3036907|501916
44575|278|2375311|112264
44575|1583|2426183|144230
44575|1425747|3566529|
44575|624481|2863887|
44575|21964|1995035|102592
44575|622028|3515078|
44575|1028913|3709525|398504
44575|129947|2282248|
44575|20503|1863270|
44575|1486|291722|
44575|20503|3505108|
44575|19223|2382515|139001
44575|24823|2373739|
44575|13|2857399|164374
44575|20186|2149951|126656
44575|578325|2866232|222221
44575|216609|3448532|395465
44575|661589|3261244|364637
44575|21982|2897066|287947
44575|19233|3556107|406981
44575|13616|4175912|
44575|20503|3272907|
44575|85|3984133|152605
44575|14047|198744|120259
44575|50175|2840324|221639
44575|41226|3779406|470895
44575|20503|2165267|
44575|8545|2406224|
44575|661589|4149126|480562
44575|20503|3058999|116351
44575|20503|3025810|
44575|661589|4149125|480562
44575|20503|3839206|
44575|20503|1863501|
44575|257|150972|33476
44575|20503|3604449|
44575|21982|2899876|287947
44575|67|2361532|131539
44575|20503|3538498|
44575|20503|3517557|
44575|21982|2900102|287947
44575|20503|658689|88240
44575|67|1899315|125007
44575|20503|3160036|
44575|1486|138455|
44575|1486|324604|
44575|21982|2899349|287947
44575|21985|3270659|372784
44575|21982|2900122|287947
44575|3371|3515928|
44575|29270|2997746|
44575|1280481|2918743|
44575|1631|2255120|
44575|1021765|2891746|286826
44575|86|2461701|150643
44575|29270|3006021|
44575|132|2879184|
44575|661589|2939054|
44575|630483|2407175|
44575|1269891|3906799|
44575|162126|4124053|
44575|29270|3110325|
44575|21982|2900135|287947
44575|661589|3261245|364637
44575|307413|2966801|
44575|20503|2461415|
44575|42769|2483665|501916
44575|14325|702862|118653
44575|38|2970605|
44575|14460|3410827|
44575|21982|2899341|287947
44575|14996|2870888|150251
44575|13|2328663|130047
44575|20503|3892430|
44575|1486|116439|17011
44575|21982|2899337|287947
44575|661589|4149135|480562
44575|20503|4004207|
44575|20503|3001922|
44575|1408|3120287|375374
44575|17591|700750|
44575|30590|3260378|
44575|13616|3133350|
44575|20503|2314099|
44575|46060|2373858|
44575|661589|3354486|385770
44575|20503|2918897|
44575|1583|4035844|
44575|566562|2374621|125236
44575|661589|4098801|480562
44575|23552|2353549|126042
44575|430404|3146595|
44575|21982|2899804|287947
44575|45794|3837312|445296
44575|1486|195660|17011
44575|661589|3612917|402452
44575|41226|4242687|470895
44575|13|522737|112163
44575|20503|4155884|
44575|20503|2162897|88240
44575|1486|112768|27434
44575|1265998|3017940|334714
44575|13|2328648|112163
44575|13616|3490826|
44575|539743|3215436|
44575|1028913|3813128|
44575|44576|135960|31098
44575|20503|4149415|
44575|1486|114738|24251
44575|14996|2879948|
44575|754660|2771224|158027
44575|661589|3354487|385770
44575|658015|448788|329145
44575|344083|2975152|149918
44575|20503|2174832|
44575|20503|2467756|
44575|1319|4316236|
44575|48803|147990|
44575|20821|546764|
44575|20503|3263090|
44575|20503|4290858|
44575|26775|2981481|
44575|1615214|4041570|
44575|1020094|1784200|334101
44575|11781|333650|
44575|1297443|4148493|
44575|661589|3217494|
44575|670618|2483784|152709
44575|1026595|2900397|370614
44575|661589|3354482|385770
44575|1355|2895232|287291
44575|1075|88385|20982
44575|987736|4227994|488716
44575|1718273|4284123|488527
44575|598125|2357239|
44575|585266|2934069|150959
44575|20503|3583870|
44575|661589|3246915|411229
44575|20503|3360487|
44575|23841|514318|
44575|1632|4290508|
44575|639464|2439740|
44575|1064175|2969603|
44575|1343371|3567800|
44575|658015|2455334|329145
44575|1202496|3206717|
44575|560777|3610764|
44575|396884|3483071|
44575|1408064|4126770|
44575|1410680|3564152|
44575|611375|2918032|
44575|17591|2102402|125949
44575|113662|2870312|168598
44575|1151211|3455255|395975
44575|1687075|4205213|493401
44575|516686|3581095|410374
44575|44575|3283059|
44575|1631|2439718|
44575|409677|2412705|
44575|13202|3294936|
44575|158937|2459224|
44575|157883|2422815|
44575|44575|2858842|
44575|1423806|3602355|411730
44575|660075|3451933|
44575|39215|2310103|
44575|613753|3961778|
44575|1168063|3142333|353162
44575|49890|3667287|
44575|1062381|4016694|
44575|42769|4288437|501916
44575|1687075|4205203|493401
44575|1443577|3642582|
44575|1319521|3436724|394275
44575|13101|690712|
44575|1544160|3876837|
44575|158937|2459233|132402
44575|400497|2129584|
44575|132|4023955|
44575|1176998|3160042|
44575|1242307|3702603|426739
44575|1256402|4064685|
44575|498402|4314857|504612
44575|1614425|4323936|505386
1169351|656173|3265189|372939
1169351|656173|3264836|372939
1169351|656173|3265150|372939
1169351|162126|2496329|155508
1169351|656173|3264902|372939
1169351|656173|3184579|357611
1169351|656173|3944681|459677
1169351|656173|4216223|493963
1169351|656173|3183783|357611
1169351|3261|3432595|393813
1169351|656173|3944682|459677
1169351|656173|3673898|
1169351|234513|2999062|
1169351|1451979|3984327|465180
1169351|1154389|3888441|427307
1169351|1125256|4164859|489329
1169351|12051|3603431|38165
1169351|1186883|3435746|370862
1169351|1256593|3311172|
1169351|1186883|3546400|370862
1169351|577228|4180687|
1169351|1036371|4230036|
1169351|1249814|4233840|
30761|1665|134917|28644
30761|605|34496|6946
30761|1908|328760|11446
30761|1908|101004|11446
30761|1908|89317|11446
30761|14996|438381|103867
30761|976|39390|14777
30761|556|45792|10032
30761|1908|236700|11446
30761|1908|62752|11446
30761|1908|92420|11446
30761|976|43781|14777
30761|111|29538|5193
30761|1908|325647|11446
30761|217|17267|2423
30761|645|778255|1515
30761|20|21178|3359
30761|464|16529|2198
30761|645|1615330|1515
30761|5248|771471|11291
1192941|349224|3190044|363145
1192941|1099751|3313505|
1192941|1192941|3200736|363794
1192941|1192941|3200312|
1192941|1192941|3200274|
580572|217208|2418877|149228
580572|217208|2821847|159409
580572|289976|3186843|393124
580572|217208|3209339|347955
580572|217208|3209337|347955
580572|217208|3209323|347955
580572|217208|2456786|149228
580572|217208|2456761|149228
580572|217208|2456767|149228
580572|217208|3209334|347955
580572|217208|2353482|134311
580572|217208|2830061|159409
580572|217208|3209333|347955
580572|1319|4125729|434670
580572|217208|2825904|159409
580572|217208|2406801|
580572|21894|2892578|160640
580572|610968|2926831|
580572|639329|2890920|229603
580572|1015007|3370227|387410
580572|217208|2344054|134311
580572|617327|3720671|423911
580572|32397|3221384|350368
580572|217208|2903890|
580572|217208|2482305|
580572|626678|2713461|157597
580572|217208|2834722|
580572|1319|2965836|338146
580572|248458|2934265|309127
580572|127638|2890645|286540
580572|29926|3502363|382778
580572|32397|3221378|350368
580572|217208|2413984|
580572|15369|3121222|338728
580572|217208|2345491|134311
580572|14624|3166906|356667
580572|1218660|3710831|
580572|1583|2822076|158551
580572|127638|2827043|
580572|217208|2144730|
580572|1319|3078716|343678
580572|127638|456610|
580572|103654|3331559|370029
580572|217208|2456846|149228
580572|217208|2819830|159409
580572|217208|727349|121765
580572|20503|2441548|
580572|1251094|4092615|477527
580572|88|91938|22357
580572|127638|2890648|286540
580572|334508|2855445|221656
580572|289976|4073709|456690
580572|217208|2853278|
580572|127638|2882105|397786
580572|334508|2862061|221656
580572|127638|3093977|347356
580572|640658|3885227|424649
580572|103654|3331570|370029
580572|127638|2890649|286540
580572|217208|2482350|
580572|640658|3885219|424649
580572|217208|3151476|
580572|438|2894454|158133
580572|655347|2860106|
580572|248458|2457278|
580572|127638|456586|
580572|1251094|4092612|477527
580572|78|3005180|333278
580572|994553|2932793|
580572|989598|2837357|163397
580572|1000448|2907394|346555
580572|127638|3103631|347356
580572|127638|2890650|286540
580572|989598|2837366|163397
580572|217208|2857755|
580572|217208|2583291|
580572|346237|3325451|
580572|217208|2466018|121765
580572|179475|3042153|351620
580572|217208|2402307|121765
580572|65109|2898652|164993
580572|127638|2818150|
580572|520363|4141690|482270
580572|127638|2391791|
580572|127638|3580703|410330
580572|248458|4311288|504229
580572|632700|4212942|481803
580572|127638|2836414|
580572|217208|3057068|
580572|127638|3111174|347356
580572|127638|3266604|347356
580572|127638|2626599|
580572|217208|2859906|121765
580572|217208|2859900|121765
580572|127638|659950|
580572|191938|2870712|
580572|65109|2839923|
580572|127638|2906855|
580572|289976|3199289|
580572|127638|3194123|347356
580572|127638|3587719|410330
580572|127638|3215962|365900
580572|664163|3278166|374955
580572|127638|3215889|365900
580572|1424|2051871|
580572|217208|3568854|
580572|1408084|3632270|407243
580572|217208|3176599|
580572|217208|3176643|
580572|597278|2381300|
580572|63091|555104|112042
580572|217208|3170469|
580572|597278|2384831|
580572|127638|3949548|471435
580572|1631|3276902|
580572|1006067|4005797|
580572|234513|4131037|485007
580572|1205588|3214528|
580572|656998|3223375|
580572|597278|2433179|
580572|671933|3217924|366101
580572|597278|2361661|
580572|12939|2945997|321907
580572|234513|4131041|485007
580572|548129|2333869|
580572|1222602|3244104|
580572|1066822|2971401|380505
580572|669933|2473871|152672
580572|659698|3036058|
580572|1064400|3346371|
580572|15369|4032222|471474
580572|1217847|3285995|376178
580572|1403244|3548017|
580572|658185|3122453|400093
580572|300826|3276829|367503
580572|301873|660087|
580572|1151211|3385063|
580572|1140474|4014293|
580572|300826|3264488|
580572|300826|3305101|
580572|1025116|2897635|287886
580572|1458354|3941160|423650
580572|1222602|4086786|
580572|1222602|4088948|
580572|1056146|2969733|325410
580572|1546263|4127563|
580572|1543793|4154389|
580572|1543793|4180808|490983
42536|247683|131560|141768
42536|247683|553815|141757
42536|32862|2293717|82189
42536|42536|150313|33432
42536|32862|2375243|138003
42536|21702|3280330|376436
42536|42536|3227344|366578
42536|21702|262529|55178
42536|33880|2142817|126677
42536|32862|517035|123676
42536|42536|3026840|335862
42536|42536|507139|132858
42536|224608|3321496|426759
42536|618015|2899301|288244
42536|978638|3657705|352786
42536|21702|3018204|333443
42536|32862|4185938|448535
42536|42536|3026831|335862
42536|42536|3369094|
42536|42536|518057|112184
42536|43257|1175262|139094
42536|351294|1963458|263405
42536|42536|3030821|335862
42536|32863|3520262|400503
42536|42536|3026839|335862
42536|158554|2322392|132451
42536|224609|2461539|141038
42536|32863|670119|111754
42536|42536|3026844|335862
42536|42536|3030814|335862
42536|42536|518053|105163
42536|42536|2271706|152134
42536|42536|1197827|33432
42536|21702|3018209|333443
42536|578518|2329822|133174
42536|47729|148144|32554
42536|42536|3030990|335862
42536|43257|2421843|145083
42536|32862|2841451|123676
42536|42536|2963404|157846
42536|42536|3031001|335862
42536|42536|2929272|335862
42536|42536|3784284|
42536|43257|2434372|145083
42536|33880|1946385|128625
42536|66525|2467727|106923
42536|247683|2402087|141768
42536|32863|511148|111705
42536|42536|3031012|335862
42536|42536|1828556|33432
42536|224609|1863396|141038
42536|42536|3030996|335862
42536|42536|1671258|164239
42536|247683|2465616|141765
42536|42536|3031007|335862
42536|42536|3031006|335862
42536|42536|3236708|366578
42536|42536|2151458|289831
42536|158554|2385109|
42536|126|38594|7890
42536|42536|507147|143016
42536|43257|1639152|139094
42536|351294|823549|388132
42536|42536|3031016|335862
42536|351294|823318|216121
42536|43928|4067657|476256
42536|42536|524314|152134
42536|42536|1409573|152133
42536|42536|872454|152133
42536|247683|2467583|141765
42536|42536|2472179|152134
42536|42536|3031015|335862
42536|42536|447521|105163
42536|1266554|3333797|383143
42536|42536|1626135|152133
42536|43257|2437845|145083
42536|42536|1832074|152133
42536|42536|3220905|366578
42536|29194|2884186|131730
42536|48878|667610|117348
42536|351294|824558|200096
42536|42536|3264215|366578
42536|42536|1163422|105163
42536|42536|3009654|335862
42536|196950|2292338|107072
42536|42536|1537776|33432
42536|330069|2941120|315315
42536|42536|3224702|152134
42536|43257|2434326|145083
42536|42536|1054995|33432
42536|59686|503773|111144
42536|407357|2438026|146398
42536|42536|1358236|164239
42536|42536|971631|33432
42536|42536|1256986|105163
42536|619750|3313584|380093
42536|42536|2320350|152134
42536|42536|1793649|112184
42536|42536|268287|56874
42536|158554|2347370|109332
42536|619750|3313583|380093
42536|29194|2894320|138475
42536|42536|133106|164239
42536|211278|2332326|141039
42536|42536|2251598|335862
42536|43257|3393807|139094
42536|984923|2829692|350714
42536|33880|2832947|126399
42536|42536|3030995|335862
42536|977694|3339162|
42536|224282|510587|322666
42536|42536|1635545|164240
42536|29194|2069045|24259
42536|42536|960070|163685
42536|158554|2409405|134082
42536|137592|1248923|199051
42536|29194|2898492|138475
42536|542446|2941163|
42536|42536|956806|33432
42536|106698|501849|110973
42536|42536|1676892|105163
42536|43257|710488|32466
42536|42536|1526513|164239
42536|29194|2907437|138475
42536|62086|2469731|128657
42536|42536|1567041|105163
42536|224609|2461524|141038
42536|351294|822694|216121
42536|578518|2329795|133174
42536|220811|2420417|140660
42536|42536|3031004|335862
42536|42536|2415562|143016
42536|93650|2832254|137736
42536|42536|3031011|335862
42536|42536|742510|152133
42536|59686|2064173|48526
42536|42536|2031385|143016
42536|42537|1972013|139420
42536|42536|1204357|152133
42536|568379|2311282|131500
42536|43257|2415086|32466
42536|48196|3544220|397161
42536|42536|1807410|33432
42536|42536|2472354|33432
42536|42536|1806419|33432
42536|42536|1722513|152133
42536|42536|1828343|132858
42536|42536|2472352|33432
42536|363650|1227321|138870
42536|351294|1818463|200096
42536|42536|2886840|152134
42536|42536|3031013|335862
42536|44785|2415470|141539
42536|42537|2836966|133889
42536|982181|3039808|337457
42536|42536|1484215|163685
42536|188057|2429756|160185
42536|222385|2427979|144802
42536|1266554|3334088|383143
42536|42536|1588691|164240
42536|48196|1822003|148574
42536|351294|823360|216121
42536|42536|1088693|132858
42536|220811|2421842|140660
42536|42536|2256211|163685
42536|984923|183665|350714
42536|42536|1565711|152133
42536|42536|885912|105163
42536|42536|2964888|152134
42536|42536|2746485|157846
42536|42536|2326825|132858
42536|42536|1659952|132858
42536|42536|700510|143016
42536|42536|2964854|152134
42536|578518|2819051|221199
42536|42536|2886854|152134
42536|42536|1807300|112184
42536|42536|2962890|143016
42536|223056|1877705|
42536|42536|2962893|143016
42536|1666700|4147059|
42536|223056|2823487|160361
42536|106698|501855|110973
42536|984923|2968126|350714
42536|1266554|3334091|383143
42536|42536|2962952|157846
42536|42536|998775|105163
42536|42536|1500633|33432
42536|42536|1599914|152133
42536|42536|2962903|143016
42536|42536|1548574|142530
42536|42536|268222|56874
42536|42536|3412237|33432
42536|42536|2886839|143016
42536|42536|268461|56944
42536|42536|2962899|143016
42536|42536|2256219|163685
42536|42536|2940458|143016
42536|42536|2745965|157846
42536|42536|1827372|132858
42536|578518|2439485|133174
42536|42536|3412235|33432
42536|42536|1296706|164239
42536|578518|2439487|133174
42536|42536|1556172|132858
42536|42536|1602297|163685
42536|351294|823271|216121
42536|42536|2962950|157846
42536|42536|1073177|163685
42536|42536|2940491|157846
42536|42536|1176839|152133
42536|42536|2746056|157846
42536|223056|3092002|160361
42536|42536|2940471|157846
42536|137592|2900127|158931
42536|351294|4073784|467096
42536|42536|1832495|112184
42536|93650|2437010|141962
42536|42536|1158768|163685
42536|42536|2962932|105163
42536|42536|2962932|105163
42536|42536|3412236|33432
42536|42536|2963989|164240
42536|42536|902845|132858
42536|984923|295692|350714
42536|220811|3079432|140615
42536|224282|517354|322666
42536|351294|822736|216121
42536|42536|2746019|157846
42536|351294|1794073|200096
42536|42536|1465473|164240
42536|1003701|3066171|287719
42536|42536|1722249|164239
42536|42536|1535441|163685
42536|42536|1818104|142530
42536|71014|3165135|332649
42536|42536|1577346|164239
42536|42536|1435474|105163
42536|42536|1807570|132858
42536|93650|2856537|137736
42536|42536|2962902|143016
42536|42536|2965664|289831
42536|42536|1827707|142530
42536|42536|1794825|164240
42536|1266554|3334090|383143
42536|42536|268297|56874
42536|42536|2841141|164240
42536|42536|2962947|157846
42536|42536|2963406|157846
42536|42536|1064757|163685
42536|42536|1092919|164239
42536|42536|2962941|112184
42536|93650|2856040|137736
42536|42536|2963436|163685
42536|42536|2746430|157846
42536|42536|2962891|143016
42536|42536|1618690|142530
42536|42535|2861672|221601
42536|222385|2427971|144802
42536|42536|1356671|33432
42536|42536|1415049|105163
42536|984923|3523503|350714
42536|42536|2964945|157846
42536|42536|1673484|132858
42536|42536|1588644|142530
42536|43257|1195801|140462
42536|42536|1318631|164240
42536|42536|1476778|132858
42536|1266554|3334087|383143
42536|42536|904226|142530
42536|223056|2823466|160361
42536|222385|2871355|144802
42536|42536|2962907|132858
42536|1266554|3334094|383143
42536|42536|1817232|164240
42536|351294|822563|200096
42536|1449864|3657193|
42536|42536|1575365|163685
42536|42536|2977296|255796
42536|42536|1161951|112184
42536|42536|2964014|164239
42536|978487|2820859|159633
42536|1083588|2997949|332481
42536|42536|1688338|112184
42536|42536|2965652|105163
42536|42536|3899993|
42536|363321|1802315|216545
42536|42536|2837488|142530
42536|42536|1604314|163685
42536|42536|1014565|105163
42536|42536|936763|164239
42536|42536|1341145|142530
42536|637910|2997357|332027
42536|42536|268226|56874
42536|42536|2963424|56944
42536|344712|1323918|163172
42536|42536|913628|105163
42536|49800|2970851|327743
42536|42536|268396|56944
42536|42536|1354906|142530
42536|188057|2928253|145309
42536|137592|4114579|482754
42536|42536|2940506|289831
42536|42536|1411489|164240
42536|1266554|3334093|383143
42536|42536|1796199|132858
42536|42536|1268452|142530
42536|42536|1793610|56944
42536|42536|2964872|152134
42536|223056|3091914|160361
42536|42536|268232|56874
42536|387128|1705652|322446
42536|42536|1368652|164240
42536|42536|1499260|132858
42536|224282|2945448|322666
42536|44785|2867300|126900
42536|42536|2964008|164239
42536|42536|1041139|142530
42536|42536|1331320|152133
42536|222385|2876100|144802
42536|1266554|3334092|383143
42536|42537|3860256|401391
42536|42536|2963418|56944
42536|42536|268392|56944
42536|223056|3090887|160361
42536|42536|943778|163685
42536|42536|910075|112184
42536|42536|1410812|164239
42536|223056|3090800|160361
42536|387128|2466898|151277
42536|985483|3646296|160420
42536|222385|2428041|144821
42536|42536|1795905|112184
42536|42536|2963970|164240
42536|991540|3058359|328336
42536|222392|3257997|332481
42536|351294|824601|200096
42536|42536|3194239|142530
42536|42536|2963452|289831
42536|42536|2964972|56944
42536|42536|268234|56874
42536|1083588|2999497|332481
42536|42536|268235|56874
42536|1266554|3333806|383143
42536|351294|824383|200096
42536|42536|268390|56944
42536|223056|3090376|160361
42536|42536|3692676|152133
42536|387128|1558376|322446
42536|42536|1512299|164239
42536|42536|1077402|164240
42536|42536|2963456|289831
42536|223056|3096974|160361
42536|1266554|3334096|383143
42536|42536|1451903|142530
42536|42536|2963468|289831
42536|1083588|3359953|332481
42536|42536|2963425|56944
42536|351294|822653|200096
42536|42536|1818362|
42536|351294|824267|216121
42536|1083588|2997914|332481
42536|42536|2256208|
42536|222385|2892196|144821
42536|42536|268394|56944
42536|42536|268298|56874
42536|42536|3692725|152133
42536|568379|2311301|131500
42536|42536|2960390|326206
42536|991540|3058370|328336
42536|42536|3169794|164240
42536|42536|3900050|
42536|409623|2383181|138866
42536|554424|2924424|159032
42536|42536|3692736|152133
42536|1062792|3272480|374044
42536|222385|2892203|144821
42536|42536|2965026|56944
42536|42536|2965679|326206
42536|984923|3289945|370691
42536|42536|268391|56944
42536|42536|2962936|112184
42536|641925|2862287|221749
42536|223056|3096284|160361
42536|42536|1711686|164239
42536|991540|2972732|328336
42536|42536|3895550|
42536|42536|3692744|152133
42536|42536|3169887|164240
42536|223056|3098732|160361
42536|675940|2965934|154318
42536|42536|2960386|326206
42536|42536|3895522|
42536|641925|2863304|221749
42536|137592|4010867|199051
42536|351294|823413|200096
42536|387128|3782652|151277
42536|42536|2965684|326206
42536|387128|1643746|322446
42536|387128|1401852|322446
42536|638249|3982110|464907
42536|42536|2972728|326206
42536|641925|2863041|221749
42536|42536|3169706|164240
42536|668675|4184299|490945
42536|137592|4114599|482754
42536|1003701|3994198|466138
42536|42536|2963428|56944
42536|93650|3216285|365966
42536|991540|3058615|328336
42536|1500036|3815216|441982
42536|1083588|3359957|332481
42536|42536|2960388|326206
42536|223056|2978533|328338
42536|387128|3844195|446185
42536|641925|2862306|221749
42536|1003701|3988137|151277
42536|668675|4188886|490945
42536|387128|3844143|446185
42536|668675|4180628|490945
42536|387128|3844008|446185
42536|387128|3844086|446185
42536|655481|4093015|479730
42536|137592|3051167|339483
42536|1083588|3359954|332481
42536|387128|3844243|446185
42536|1003701|3991944|466138
42536|1003701|3996202|287719
42536|668675|4180339|490945
42536|473166|3976119|464062
42536|1083588|3359955|332481
42536|668675|4186247|490945
42536|991540|3059732|328336
42536|668675|4184352|490945
42536|668675|4190376|490945
42536|1083588|3359960|332481
42536|1083588|3359959|332481
42536|137592|4176453|158931
42536|668675|4188522|490945
42536|668675|4186122|490945
42536|668675|4190396|490945
42536|668675|4189067|490945
42536|668675|4184420|490945
42536|542446|4231923|494650
42536|42536|4200672|112184
42536|500689|4294585|334660
36352|1614425|3720335|505386
36352|177756|3261399|338581
36352|554|112836|29201
36352|130|58566|10787
36352|1447453|3642945|338581
36352|357|241512|47327
36352|357|247266|47327
36352|740|3068509|440631
36352|357|253303|47327
36352|357|268855|47327
36352|36352|181768|200992
36352|1064839|277489|38405
36352|36352|512070|
36352|209139|3692410|328111
36352|36352|421014|200992
36352|36352|370609|200992
36352|405|2875642|229417
36352|1575249|3916660|449179
36352|36352|2255001|200992
36352|1583|330601|73312
36352|36352|497173|200992
36352|36352|3392904|
36352|3803|2316913|280721
36352|480204|2473591|
36352|396565|4147079|
36352|36352|3060789|340983
36352|1259310|3316910|
36352|36352|2841395|340983
36352|36352|2836608|340983
36352|64|11186|1052
36352|36352|2881013|200992
36352|36352|2831499|340983
36352|36352|707731|200992
36352|36352|2479942|200992
36352|209139|4048488|
36352|170|408736|380426
36352|64|11166|1048
36352|36352|2880909|200992
36352|1573254|4054340|474500
36352|14666|1859878|200992
36352|36352|2881002|200992
36352|480204|2854317|
36352|3803|2467554|151395
36352|36352|2880980|200992
36352|36352|1859831|
36352|36352|2880900|243018
36352|16424|2147853|
36352|36352|2438576|146497
36352|1151211|3719142|395975
36352|1455824|3672473|422822
36352|1059015|2955931|
36352|36352|3467480|340983
36352|1276381|3600108|385720
36352|1141887|4263600|
36352|36352|3467481|340983
36352|36352|3467485|340983
36352|36352|3467482|340983
36352|36352|3467489|340983
36352|1288550|4152883|
36352|554|3639686|
146|130|3580132|420582
146|72|84380|109923
146|38|57|4228
146|643|2483335|
146|14325|214342|36890
146|27801|176606|40189
146|130|1562|333244
146|4|3985373|98888
146|4|250|4998
146|18|240|807
146|38|1100|4228
146|1663|1196|3680
146|4|1047|4998
146|4|3985352|98888
146|1819|9643|714
146|18|10089|806
146|14325|2433137|144167
146|4|3015|4998
146|67|999|10629
146|491|3263323|371373
146|14325|214297|36890
146|11395|3795808|
146|1745|530307|112997
146|4|28749|5033
146|1034921|2916687|304147
146|4|540|5010
146|491|3263356|371373
146|85|45495|9967
146|4|164|4998
146|38|24993|4228
146|491|3263343|371373
146|1423795|3781033|473388
146|4|4841|5019
146|491|3263362|371373
146|4|28748|5033
146|4|5996|4998
146|4|28602|4998
146|18|10134|813
146|4|699|5004
146|4|28610|4998
146|4|2378293|134470
146|85|381515|9958
146|85|1613|9958
146|4|28601|4998
146|18|10083|806
146|18|22|810
146|4|28599|4998
146|1034921|2913717|304147
146|22|35619|7211
146|4|28604|4998
146|146|30374|5412
146|38|25005|4228
146|4|40|4998
146|4|28600|4998
146|38|3170|4234
146|4|28743|5033
146|4|28609|4998
146|86|9090|587
146|1663|3760|3682
146|4|28607|4998
146|38|25004|4228
146|3573|47164|10327
146|117|46313|10144
146|1819|9644|714
146|86|56983|12615
146|85|45498|9967
146|1663|22734|3680
146|4|28613|4998
146|4|28586|4996
146|1819|9638|714
146|929|47604|10431
146|4|28596|4996
146|1880|30010|5331
146|4|28679|5019
146|3573|47184|10332
146|38|24999|4228
146|4|3374703|
146|4|2924214|
146|337|4314|
146|43906|2339521|
146|4|4161|5033
146|4|28594|4996
146|85|45452|115266
146|4|28589|4996
146|1421|140566|29413
146|4|28682|5019
146|38|25003|4228
146|18|10122|810
146|13|360|3519
146|18|10128|811
146|455|77903|11100
146|38|58736|13060
146|1663|3759|3680
146|38|25034|4233
146|85|45519|9969
146|118|3268884|373487
146|38|25001|4228
146|38|25026|4233
146|38|25018|4233
146|4|28685|5019
146|38|25017|4228
146|146|2429166|
146|18|10082|806
146|4|28744|5033
146|4|28612|4998
146|18|10085|803
146|4|28742|5033
146|38|25032|4234
146|38|25010|4228
146|38|25076|4241
146|38|25083|4241
146|4|28588|4996
146|4|28597|4996
146|86|9078|586
146|4|28584|4996
146|4|28605|4998
146|18|3604849|402452
146|65109|2424107|148334
146|38|25006|4228
146|38|25007|4228
146|32850|5868|32043
146|4|28611|4998
146|88|40250|8756
146|4|28735|338223
146|1663|22729|3680
146|4|28615|4998
146|38|25000|4228
146|1819|9598|705
146|38|25002|4228
146|1663|22731|3680
146|18|10107|807
146|38|4126|4238
146|1663|22745|3682
146|4|28693|5019
146|1663|22748|3682
146|1924|59147|14574
146|1663|22744|3682
146|4|28593|4996
146|1819|9590|705
146|156|135056|30928
146|1663|22735|3680
146|115|13479|1468
146|18|10087|806
146|1819|9674|718
146|4|28683|5019
146|318|3110572|340903
146|4|28732|5019
146|3573|47168|10327
146|455|49449|11103
146|1663|204071|3682
146|4|28591|4996
146|1819|2428093|
146|1819|9649|714
146|86|9084|586
146|4|28747|5033
146|4|28750|5033
146|4|28689|5019
146|4|28751|5033
146|86|9071|586
146|38|25024|4233
146|38|25024|4233
146|312|11354|1081
146|4|360132|5019
146|1819|9655|714
146|4|28688|5019
146|4|28684|5019
146|1819|9602|707
146|38|24998|4228
146|4|28690|5019
146|4|28764|5033
146|38|25015|4233
146|929|1843141|10432
146|3609|18508|813
146|146|30371|5412
146|18|10130|810
146|1819|9604|707
146|1663|22739|3682
146|1663|22742|3682
146|18|10075|803
146|18|3483|806
146|18|10132|810
146|4|28587|4996
146|1819|9597|705
146|85|63603|14087
146|18|10106|807
146|38|25075|4238
146|1819|9639|712
146|1819|9642|714
146|1819|9615|711
146|38|4127|4238
146|18|10116|810
146|18|10095|806
146|1663|22727|3680
146|4|28595|4996
146|1819|9698|813
146|373133|2466602|151224
146|1663|22733|3680
146|85|2967086|
146|4|110089|
146|4|28741|5033
146|1819|9629|712
146|403|35541|7194
146|4|28753|5033
146|4|28724|
146|3558|46465|10193
146|18|10125|811
146|1663|22761|38004
146|18|10078|803
146|1819|9610|705
146|146|30377|5412
146|49343|205014|38647
146|455|374132|17976
146|4|28737|5033
146|1663|22738|3682
146|4|28608|4996
146|1663|22726|3680
146|1819|9620|711
146|4|28738|5033
146|4|28681|5019
146|1819|9616|711
146|4|28585|4996
146|117|46311|10144
146|1663|22724|3680
146|4|166684|4996
146|4|28686|5019
146|14598|2473650|
146|38|25064|813
146|1819|9668|714
146|1819|9703|726
146|86|9082|586
146|1819|9635|712
146|4|28704|5019
146|1819|9645|714
146|4|28746|5033
146|86|9091|586
146|1819|9696|726
146|38|5091|4238
146|4|28752|5033
146|758|704555|117749
146|1880|30015|5331
146|38|25025|4233
146|4|28687|5019
146|18|10103|807
146|3609|949204|258896
146|1663|22758|3685
146|36693|3914991|484920
146|18|10117|810
146|1819|9646|714
146|1819|9601|707
146|1819|9600|705
146|1663|22725|3680
146|38|25028|4234
146|38|25027|4233
146|38|25068|4238
146|3280|181927|24812
146|4|2397296|5033
146|1819|4292|707
146|7521|37380|7613
146|3558|46469|10193
146|38|25066|4238
146|1663|22752|3685
146|38|25023|4233
146|146|30367|5412
146|18|10123|810
146|287|33312|6656
146|1819|9599|705
146|1819|9611|707
146|146|30372|5412
146|1663|22741|3682
146|4|5856|5019
146|38|25038|4234
146|38|25035|4233
146|1819|9596|705
146|1663|22740|3680
146|4|166681|4996
146|1663|22755|3685
146|38|25082|4228
146|1819|9630|712
146|18|10092|806
146|38|25022|4233
146|18|10109|807
146|38|25072|4238
146|18|10088|806
146|146|30375|5412
146|4|28698|5019
146|156|441712|30928
146|1819|9614|707
146|1819|9631|712
146|401|367563|10269
146|38|25020|4233
146|1663|22746|3682
146|1819|9603|705
146|1663|22766|3685
146|18|10119|810
146|1663|22736|3680
146|38|2376865|
146|1663|22751|3685
146|38|39222|114424
146|1912|9788|745
146|18|10099|807
146|146|30378|5412
146|18|10120|810
146|18|10102|806
146|288|12199|1231
146|86|9081|586
146|2444|761361|7568
146|38|25037|4234
146|18|10096|806
146|1819|9627|711
146|18|10090|806
146|38|25074|4238
146|18|10127|810
146|1819|9606|707
146|38|25044|4235
146|1663|22737|3682
146|18|10101|807
146|18|10079|803
146|1880|30022|5331
146|405|1816079|813
146|1819|9653|714
146|3558|46478|10193
146|1819|9605|707
146|646|34371|6919
146|1819|9707|726
146|1819|9595|705
146|18|10084|803
146|3609|16980|2334
146|1663|22754|3685
146|1819|9633|712
146|1819|9621|711
146|18|10126|811
146|146|95457|
146|86|9094|27757
146|38|25014|4233
146|1819|9650|714
146|1819|9613|711
146|38|25040|4234
146|1819|9591|705
146|18|10141|148367
146|38|25029|4234
146|38|25039|4234
146|38|155773|4228
146|1819|9632|711
146|38|25019|4233
146|4|28723|813
146|38|25069|4238
146|1819|9665|714
146|272|37334|7601
146|38|25087|4241
146|1819|9667|714
146|38|25067|4238
146|1819|9647|714
146|18|10105|807
146|1880|30008|5331
146|1663|22756|3685
146|286|277393|9280
146|1819|9651|714
146|38|25086|4241
146|18|10139|36448
146|3558|46459|10193
146|1441050|3514417|417966
146|18|10118|810
146|1663|22759|3685
146|38|25033|4234
146|146|30373|5412
146|1819|9634|712
146|1819|9617|711
146|18|141865|810
146|1819|9687|714
146|18|10086|806
146|18|84831|198981
146|38|25016|4233
146|86|9072|586
146|86|9080|586
146|1819|9608|
146|18|10094|806
146|1663|22760|3685
146|1880|30017|5331
146|38|180228|4234
146|3558|46477|10193
146|18|10093|806
146|18|10097|807
146|4|1622433|4996
146|1819|9618|711
146|288|12207|1231
146|1880|30021|5331
146|18|10077|803
146|1663|22749|3682
146|1819|9636|712
146|3558|22769|813
146|1819|9612|711
146|1924|97662|23890
146|3558|46460|10193
146|4|166683|4996
146|18|10100|807
146|21610|1627245|154894
146|18|10137|813
146|1819|9623|711
146|18|10072|803
146|85|45494|9967
146|3558|46467|10193
146|18|10081|803
146|1819|9624|711
146|1663|22747|3685
146|1819|9640|712
146|1819|9622|711
146|1819|9628|712
146|379|920911|10120
146|1663|22743|3682
146|1819|1829474|229229
146|3573|652663|117134
146|1819|858202|707
146|38|17316|2437
146|4|767507|5019
146|1819|9626|711
146|1663|22753|3685
146|1819|9699|726
146|1663|22765|3685
146|1819|9625|711
146|1819|9648|712
146|18|10108|807
146|382|27974|198153
146|18|10133|813
146|3371|32324|6221
146|18|10076|803
146|38|25030|4234
146|18|10113|810
146|38|25041|4234
146|1819|9706|337918
146|645|1522173|1516
146|3573|47191|10332
146|18|10110|198981
146|1880|30019|5331
146|38|25043|4234
146|359|48252|
146|18|10073|803
146|1629|36418|7404
146|38|25071|4238
146|18|10091|806
146|1072805|3252486|371138
146|38|25021|4233
146|38|25070|4238
146|146|30368|5412
146|3575|33899|6807
146|1819|9607|707
146|7040|43898|9581
146|4|766098|5019
146|3573|47183|10332
146|3558|46466|10193
146|146|30376|5412
146|1880|30013|5331
146|3558|156796|25219
146|18|141869|803
146|3558|46464|10193
146|1819|490982|726
146|312|11353|1081
146|1880|30011|5331
146|3558|46461|10193
146|38|25031|4234
146|38|1045438|13060
146|3573|358540|10332
146|38|25042|4234
146|38|1469841|13060
146|38|25073|4238
146|18|10074|803
146|38|25079|4241
146|4|765655|4996
146|18|10129|811
146|15633|731710|
146|3574|44744|9794
146|1819|9619|711
146|6527|22762|52560
146|3558|46468|10193
146|38|1802776|13060
146|1819|9594|705
146|7521|37376|7613
146|18|10104|807
146|3558|46470|10193
146|9548|3745901|83598
146|1880|30014|5331
146|4|768558|4996
146|146|920473|5412
146|38|1256852|13060
146|18|10098|807
146|1254513|4007553|
146|38|25036|4234
146|1663|22757|3685
146|9548|3749950|83598
146|207625|3316098|108470
146|38|3407415|
146|312|11359|1081
146|118|2094810|
146|86|1254403|587
146|1396598|401138|91360
146|3573|653261|10326
146|13383|2418505|31286
146|388595|1807264|208786
146|3609|1805101|258896
146|1924|97326|21666
146|9548|365585|83598
146|359|1062890|10592
146|383|15276|1910
146|3609|1626513|258896
146|3558|46463|10193
146|640|2803537|158433
146|18|141864|
146|146|921358|5412
146|388595|1793592|208786
146|304|3765940|
146|1057|1841945|181970
146|1663|2807829|3685
146|146|1523282|
146|455|597083|11002
146|149829|2416147|143098
146|388595|1828607|208786
146|86|3425832|587
146|97129|273636|58165
146|1032395|2984062|329917
146|146|1570110|
146|1057|1598774|181970
146|1819|857261|
146|146|1739403|
146|9548|3748294|83598
146|117|1060977|
146|146|4088815|5412
146|1072805|3252483|
146|146|1184735|
146|1072805|3252520|371138
146|119936|379382|
146|75293|3598451|410588
146|156|2925917|
146|38|4231430|
