producer_id|performer_id|song_id|album_id
37762|24823|658724|123757
37762|21982|2450712|151107
37762|2009|22771|
37762|14186|127811|30291
37762|614|101460|10685
37762|20743|75372|33751
37762|2009|363397|
37762|13|2289308|126911
37762|3978|11522|1110
37762|13|21912|3520
37762|13|2280577|126911
37762|13|467482|12722
37762|67|48397|10629
37762|13|21963|3520
37762|13|467474|12722
37762|13|21955|3520
37762|13|21901|3514
37762|4168|18699|2810
37762|4168|18700|2810
37762|406|48563|10661
37762|272|1682266|7605
37762|745|27822|4843
37762|3978|1796548|
37762|3978|11521|1110
37762|1|62118|287872
37762|4168|18701|2810
37762|1424|2172536|91251
37762|4168|18695|2810
37762|4168|18692|2810
37762|383|1344771|1906
37762|44846|136668|
37762|3978|960468|1110
37762|6574|2325534|132762
37762|4168|79743|18652
37762|6130|1763226|8634
37762|52203|3321160|381380
4709|2|177832|36559
4709|492|203961|
4709|72|158615|34024
4709|72|152933|34024
4709|643|3751648|
4709|2|3138625|350958
4709|2|3138638|350958
4709|130|3807730|420582
4709|130|3807731|420582
4709|72|1791|4343
4709|72|1660|4343
4709|72|1353|4343
4709|2|3136263|350958
4709|1020|154566|53330
4709|2|3138628|350958
4709|72|526|4339
4709|2|74|4057
4709|2|3138629|350958
4709|130|3807729|420582
4709|2|3138631|350958
4709|130|3807747|420582
4709|89|717927|132689
4709|492|198613|23080
4709|488|3707302|
4709|72|1981|4343
4709|132|59639|309814
4709|2|3138627|350958
4709|1020|511556|13072
4709|7922|149366|31007
4709|2|3138633|350958
4709|56|72461|12283
4709|2|3138643|350958
4709|1020|406846|13072
4709|223|309|1682
4709|4|3402324|390638
4709|2|58|4057
4709|12418|71785|11512
4709|72|1003|4343
4709|130|576|2630
4709|2|3138632|350958
4709|130|582|2630
4709|1020|50272|10956
4709|643|91795|22349
4709|7922|3050780|229163
4709|2|44|4057
4709|68|2337|4428
4709|72|3405|4339
4709|652275|51900|350432
4709|1020|381832|13072
4709|72|3406|4339
4709|92|69580|13529
4709|492|149974|23080
4709|2|146|4055
4709|2|3146511|350958
4709|492|136883|23080
4709|69|54970|11280
4709|941|1864278|124171
4709|72|2319|4339
4709|492|51205|10824
4709|492|49894|10824
4709|223|58401|11248
4709|56|78868|12283
4709|492|146325|23080
4709|2|62|4057
4709|492|4196|10824
4709|173|85151|20147
4709|1281|205573|
4709|2|100|4057
4709|1020|511561|13072
4709|69|117630|28255
4709|640|204396|25154
4709|56|78727|12283
4709|179|205896|
4709|492|199802|23080
4709|262|204227|
4709|56|78861|12283
4709|492|198617|23080
4709|89|97830|23824
4709|2|3126666|350958
4709|68|1872|4428
4709|2|73|4057
4709|88|1092|8754
4709|1020|511565|13072
4709|1020|511585|13072
4709|2|3137006|350958
4709|7922|3050781|229163
4709|223|56746|11248
4709|492|270814|23080
4709|492|206950|23080
4709|941|2032809|124171
4709|223|50194|11248
4709|492|50850|10824
4709|72997|3029230|336135
4709|4|252|11095
4709|1304579|3865829|438255
4709|56|78867|12283
4709|492|51231|10824
4709|15694|212436|
4709|4|178|11095
4709|223|61421|11248
4709|492|198624|23080
4709|85|2144|9959
4709|941|2032792|124171
4709|745|152354|4850
4709|68|2421|4428
4709|4|52256|11356
4709|4|3387396|388686
4709|56|78873|12283
4709|2035|20770|3276
4709|492|51073|10824
4709|67|505972|107271
4709|85|102494|25420
4709|941|2032789|124171
4709|745|27826|4843
4709|1020|131026|
4709|941|515478|110270
4709|18814|3155969|110070
4709|2|1735|4055
4709|223|441530|104439
4709|941|2032825|124171
4709|18814|2837747|110070
4709|223|61431|11248
4709|223|553|1682
4709|492|51225|10824
4709|15369|2447319|140224
4709|941|2032796|124171
4709|18814|2862212|110070
4709|941|2032847|124171
4709|223|59609|11248
4709|18814|2884237|110070
4709|223|60845|11248
4709|1205|4073438|460804
4709|941|2844652|163708
4709|223|472505|104439
4709|18814|3155981|110070
4709|941|2032834|124171
4709|223|799|1679
4709|941|2032832|124171
4709|941|2032843|124171
4709|941|2032837|124171
4709|941|2032841|124171
4709|492|50193|10824
4709|643|61867|
4709|173|83669|16539
4709|2|24521|4095
4709|223|524982|
4709|7922|3040510|229163
4709|941|2032819|124171
4709|12270|109145|25794
4709|2|3139990|350958
4709|941|2032851|124171
4709|492|51335|10824
4709|554|1801|1552
4709|941|2032767|124171
4709|223|361300|
4709|223|61370|11248
4709|223|6182|1679
4709|223|14392|1682
4709|223|61424|11248
4709|671|67161|15588
4709|223|480275|104439
4709|18814|3155978|110070
4709|1401|3210388|339152
4709|18814|3155970|110070
4709|1020|3245247|349580
4709|223|480282|104439
4709|89|59663|13121
4709|72997|3270494|336135
4709|72997|2914371|336135
4709|223|369|1679
4709|1281|214469|
4709|223|61459|11248
4709|223|61435|11248
4709|390|204432|
4709|941|371874|83757
4709|438|52228|11727
4709|18814|3155985|110070
4709|18814|3155972|110070
4709|223|4584|1682
4709|223|950|1679
4709|365|83677|17178
4709|72997|541972|114629
4709|492|5375|11202
4709|223|480712|104439
4709|941|371871|83757
4709|223|4352|1682
4709|758|51055|11013
4709|941|371866|83757
4709|56|147348|
4709|394321|4045061|436725
4709|941|371868|83757
4709|223|140028|
4709|223|14400|1682
4709|941|371864|83757
4709|223|61441|11248
4709|12270|77696|17536
4709|72997|2444835|147474
4709|223|14353|1677
4709|7807|987472|31435
4709|69|677|
4709|92|60853|11744
4709|223|14362|1677
4709|223|332708|
4709|223|110315|
4709|18814|3114642|348981
4709|223|14380|1679
4709|223|14397|1682
4709|941|371873|83757
4709|147|1127|4712
4709|72997|3270496|336135
4709|223|465901|104439
4709|656224|3887776|452317
4709|223|14394|1682
4709|223|480337|104439
4709|223|480329|104439
4709|74|46532|10204
4709|223|480307|104439
4709|1026946|2900892|
4709|72997|3270484|336135
4709|223|480619|104439
4709|223|38787|145100
4709|3|19572|3025
4709|14370|2477088|153144
4709|223|480315|104439
4709|223|480895|104439
4709|272|37333|7601
4709|471|3128225|351101
4709|547|2585|13808
4709|223|4878|1682
4709|12270|109458|25794
4709|1092002|3010201|
4709|223|14391|1682
4709|72|152149|
4709|492|57647|12790
4709|223|14414|
4709|745|57858|4843
4709|223|480293|104439
4709|941|2844113|164005
4709|22118|205218|46251
4709|1304579|3603077|
4709|223|14361|1677
4709|223|51429|17644
4709|12270|106199|25794
4709|22368|531330|
4709|27788|1581237|374504
4709|547|71042|20705
4709|475|57204|12684
4709|72|414590|98145
4709|147|3289067|
4709|72997|223774|
4709|223|14369|1677
4709|223|14357|1677
4709|547|50206|23532
4709|223|460960|104439
4709|691|3539452|404564
4709|1665|389970|16280
4709|72997|286144|
4709|72997|2452138|147474
4709|375|98377|22124
4709|147|1678|33273
4709|72997|584589|114629
4709|22368|108854|26698
4709|72997|3270498|336135
4709|223|14415|
4709|223|210874|1682
4709|605|103071|6947
4709|77|17451|2482
4709|72997|584579|114629
4709|72997|584588|114629
4709|12270|111239|25794
4709|223|14375|1679
4709|1234|2393743|34892
4709|20|21158|3356
4709|12270|206659|17644
4709|223|14389|1679
4709|22368|501746|112262
4709|223|14396|1679
4709|223|14385|1682
4709|812|40146|8727
4709|22368|2136216|121618
4709|223|14382|1679
4709|216609|3085635|
4709|119|9319|645
4709|3045|95216|23046
4709|4709|35452|7172
4709|223|14358|1677
4709|223|14365|1677
4709|16939|382200|317800
4709|22368|2136154|121618
4709|223|14411|38012
4709|207625|337689|468332
4709|72997|2452133|147474
4709|20|21155|3356
4709|671|1156548|15588
4709|1298414|3712784|
4709|1234|157588|34892
4709|223|14378|1679
4709|983197|3182150|328976
4709|223|14370|1677
4709|74|46600|10214
4709|223|278222|1679
4709|1508685|4188134|
4709|228|397259|5624
4709|721|2932109|11754
4709|1063427|2964562|
4709|11858|206242|
4709|272232|3664544|
4709|671|1802774|15588
4709|73|949240|6179
4709|2122|1657053|133374
4709|17212|3815359|
4709|72|414554|98145
4709|14370|2484800|153144
4709|144|1371814|6288
4709|223|483740|104439
4709|72997|534403|
4709|4709|35456|7172
4709|4957|55533|
4709|223|278221|1682
4709|26348|387035|38621
4709|4709|35457|7172
4709|1406686|3555403|
4709|147|104386|
4709|1319|479871|18094
4709|15589|1969922|117263
4709|1957|41424|192523
4709|812|40147|8727
4709|65761|204168|
4709|72997|566203|
4709|223|14363|1677
4709|471|180868|
4709|171501|64644|14622
4709|3371|1863138|6221
4709|75|3365959|390076
4709|2122|1161119|133377
4709|22368|600086|112262
4709|1057824|3182661|
4709|9028|2927484|
4709|34418|3533369|403688
4709|7922|3061115|
4709|72997|584669|114629
4709|12270|160943|17193
4709|4709|35454|7172
4709|76753|3381382|
4709|180204|2732578|157781
4709|812|40142|36857
4709|22368|504699|112262
4709|3431|15949|2056
4709|637985|3543053|
4709|812|40140|8727
4709|4709|35453|7172
4709|223|1836130|11248
4709|5292|17085|2365
4709|480028|3503299|
4709|951|577307|23973
4709|23197|1192611|
4709|153995|4044132|
4709|4709|543245|7172
4709|4709|35461|7172
4709|2|3457562|
4709|72997|3376659|
4709|2270|3184869|365827
4709|4709|35450|7172
4709|223|1835932|11248
4709|172517|2452503|148188
4709|18416|119207|20346
4709|1000503|3874147|423014
4709|1586|38539|7877
4709|451604|1929761|
4709|1243|17546|2501
4709|1085433|3974019|
4709|1340|151711|
4709|1263060|3924121|
4709|255|3412897|381621
4709|161237|3607179|413566
4709|4709|3454152|7172
4709|630206|2448067|
4709|1186936|3551687|
4709|1446407|3814000|
4709|1058858|2955600|
4709|45180|3224797|
4709|1595130|3997492|
4709|33444|608540|53338
4709|294796|3017358|
4709|561675|3239393|369316
4709|3123|3002345|40187
4709|1045132|3310609|379879
4709|502165|3298174|
4709|1216197|3233434|
4709|136718|3660207|419029
4709|338335|1019198|
4709|18416|85098|20346
4709|346741|3622553|
4709|4709|1582576|
4709|1186936|3301065|
4709|619291|3057776|340506
4709|1105758|4110395|
4709|1606448|4012011|
4709|635507|3759726|425732
4709|1084329|2998902|
4709|1133247|3709475|428042
4709|1214621|3231197|368067
4709|1280582|3979447|
4709|100364|279417|61974
4709|397093|4009154|223081
4709|4709|3454146|7172
4709|255121|565665|
4709|1517713|643044|
4709|540813|2388881|128184
4709|1428364|3603999|
4709|4709|3454149|7172
4709|4709|3454151|7172
4709|294796|3014441|
4709|86653|2855284|
4709|223|1836305|
4709|161237|3604204|413566
4709|1595130|4115577|
4709|1042190|2900588|
4709|1266566|3333837|383149
4709|205579|2435337|
4709|4709|3454148|7172
4709|4709|3454150|7172
4709|4709|3454147|7172
4709|1126987|3068967|
4709|1608963|4256871|
4709|18446|3878398|
4709|356566|3960123|461806
4709|18446|3847064|
4709|161237|3607135|414028
4709|1237103|4018491|
4709|18446|3795641|439595
4709|1080538|4208793|
4709|18446|3910907|439595
4709|161237|3602321|
4709|665283|2722857|
4709|18446|3910967|439595
4709|154020|2989638|
4709|161237|3607189|413566
4709|430103|1905593|
4709|390344|4018669|
4709|60142|2393979|117394
4709|279505|603671|455562
4709|1593395|4042399|
4709|390344|4018610|
4709|1009786|3846576|446522
4709|1460364|4181837|491076
4709|32653|4277338|
4709|409|3083120|
4709|161237|3618766|
16678|643|217277|22349
16678|72|38|4345
16678|67|3351445|376887
16678|46|43137|494227
16678|643|6206|11153
16678|147|1104|4714
16678|130|1217|2622
16678|12147|231126|
16678|1583|151854|17522
16678|173|425187|103410
16678|42|44973|9852
16678|130|2747|2622
16678|22|35613|7211
16678|643|5825|11153
16678|396|104739|25429
16678|14148|3236373|366368
16678|14157|62598|18858
16678|85|2934501|320876
16678|6412|2320724|130008
16678|108|7031|145
16678|42|44987|9857
16678|1022|3322896|381594
16678|471|53491|10887
16678|42|534219|111124
16678|127|41545|9037
16678|198|4477|75246
16678|173|3127872|351101
16678|228|31315|5624
16678|23310|2452091|222216
16678|820|2280491|
16678|471|2442832|147777
16678|130|18059|2622
16678|2035|20762|3276
16678|338|9023|568
16678|46|43026|9349
16678|471|2433449|145584
16678|42|44996|9857
16678|291|48196|10579
16678|1074|75633|8950
16678|2555|27114|341523
16678|820|409751|96053
16678|46|2624057|156976
16678|14148|2910224|302231
16678|1021|3556946|407078
16678|85|2934511|320876
16678|23310|2865674|222216
16678|1022|3322900|381594
16678|471|53285|10887
16678|11959|3289035|376651
16678|162|3184649|336107
16678|1117382|3053884|339648
16678|338|9001|567
16678|14148|533404|112316
16678|127|41576|9044
16678|1262|2912440|303852
16678|16860|63997|24544
16678|224|275004|32146
16678|338|8999|567
16678|388|2336964|132580
16678|20456|2965804|
16678|390|2826253|
16678|14035|3653367|
16678|11959|3289034|376651
16678|338|9016|568
16678|605|34523|
16678|262|62572|4141
16678|73588|3285412|376068
16678|3933|11246|1062
16678|14148|3148927|
16678|1156389|4312352|
16678|605|119309|6946
16678|20|4364|3356
16678|42|49205|10828
16678|127|41507|9031
16678|126|38586|7890
16678|80360|250026|414402
16678|745|1767605|
16678|16678|149904|31321
16678|1262|2912520|303852
16678|73588|3285587|376068
16678|3658|2408335|131658
16678|338|8936|556
16678|3342|39012|112527
16678|466|3454312|396039
16678|471|40732|8867
16678|46|43018|9346
16678|192|33737|6766
16678|2295|6441|7
16678|453|8428|429
16678|1130|28840|5051
16678|338|9014|567
16678|453|707943|143328
16678|230|13074|1399
16678|20|21146|3356
16678|453|388932|
16678|338|8933|556
16678|471|40737|8867
16678|404|47562|10422
16678|209|12782|1344
16678|16860|61426|24544
16678|80360|2821153|414402
16678|338|8927|556
16678|46|43107|9387
16678|80360|241482|414402
16678|471|40699|8856
16678|936|84283|20072
16678|50175|3271709|337699
16678|15635|2299295|129399
16678|46|1779938|9338
16678|471|40748|399784
16678|11959|3289033|376651
16678|80360|250030|414402
16678|16860|99344|24544
16678|177|82956|19628
16678|16860|54351|24544
16678|471|40681|8855
16678|3181|9210|339346
16678|80360|2937412|414402
16678|5797|42513|9262
16678|2035|17045|2356
16678|1415916|2865211|222277
16678|1415916|2894181|222277
16678|636394|2417918|143328
16678|1415916|2894382|222277
16678|1586|38533|7875
16678|80360|241667|414402
16678|81|148172|526
16678|1586|38534|7875
16678|1586|38549|166265
16678|1586|38538|7875
16678|16860|104914|24544
16678|636394|2417940|143328
16678|16860|55979|24544
16678|605|107255|6946
16678|1415916|2892884|222277
16678|13555|3334447|383234
16678|192|33703|6761
16678|127|3345070|384565
16678|40332|2361636|132580
16678|1262|2481599|
16678|1595|3587|
16678|1415916|2894286|222277
16678|636394|2417892|143328
16678|80360|250024|414402
16678|1415916|3313907|409198
16678|80360|2882812|414402
16678|16860|79757|24544
16678|736|3439|
16678|4326|98211|24175
16678|230|13038|1396
16678|184|44334|9683
16678|388|2877414|
16678|471|40687|8855
16678|1130|28819|5050
16678|224|2476223|32146
16678|46|1471863|85181
16678|127|49952|9031
16678|2902|9951|777
16678|1415916|2894253|222277
16678|16860|64557|24544
16678|1130|22222|3566
16678|338|3402552|568
16678|936|95084|20072
16678|2902|349978|79262
16678|2213|39450|
16678|1014|8853|544
16678|177|908614|24608
16678|81|8777|526
16678|455|181429|11103
16678|263426|62615|115901
16678|4326|391632|90272
16678|40330|2370232|132580
16678|209|12777|1344
16678|3155|2953817|321421
16678|1014|8850|542
16678|209|12786|1344
16678|1586|38543|7875
16678|1451|3286724|373744
16678|51881|173436|34508
16678|209|12776|1344
16678|5797|42526|9262
16678|13555|3334444|383234
16678|936|25902|
16678|1415916|2894306|222277
16678|1586|38537|7875
16678|2506|686412|9837
16678|1809|108756|14857
16678|2506|2936214|289648
16678|16678|2475061|31321
16678|1415916|2897416|222277
16678|3181|2490006|
16678|645935|4046057|473107
16678|986|1838428|109324
16678|1415916|2897455|222277
16678|397|29783|5267
16678|3955|11376|1087
16678|1014|8852|544
16678|3181|433064|339346
16678|2513|10900|978
16678|453|3007128|
16678|80360|250033|414402
16678|350537|21124|3350
16678|3097|41084|8946
16678|1014|8847|542
16678|1019683|3073686|342939
16678|16678|391674|31321
16678|2506|44920|9837
16678|4326|98936|24175
16678|397|29786|5267
16678|471|40700|8856
16678|96831|2376445|122737
16678|1415916|2897437|222277
16678|594276|3214820|4660
16678|4326|391423|90272
16678|3181|433093|339346
16678|5752|18689|2809
16678|936|786669|4386
16678|192|33674|6754
16678|5797|152803|33919
16678|2041|76403|17682
16678|80360|3609632|414402
16678|301|1830527|
16678|457|2312464|119489
16678|1014|8865|545
16678|1130|28856|5053
16678|16678|393234|31321
16678|561905|3171271|353043
16678|209|12789|1344
16678|16678|2264270|31321
16678|636394|2417890|143328
16678|198610|3017186|
16678|5734|431545|2798
16678|457|16626|2227
16678|936|95078|20072
16678|51586|660024|116907
16678|16678|137376|31321
16678|209|1460257|139750
16678|636394|2417891|143328
16678|6589|2938503|322078
16678|80360|3609630|414402
16678|9028|3367217|387098
16678|16678|1783240|31321
16678|80360|3609631|414402
16678|1809|100607|14770
16678|51011|513038|108958
16678|4326|391393|90272
16678|80360|3609633|414402
16678|4326|98198|24175
16678|29622|99015|
16678|4326|391372|90272
16678|936|95076|20072
16678|1010|68723|15594
16678|4326|391659|90272
16678|936|2482782|20072
16678|936|2482750|20072
16678|3181|3054040|339346
16678|136463|443129|95869
16678|1049204|3513264|401735
16678|675471|2482580|
16678|6589|2938505|322078
16678|6589|2938504|322078
16678|233|3887699|114922
16678|494|3297894|
16678|3181|2985210|330123
16678|70130|1827111|124437
16678|3181|3052864|339346
16678|2506|3715952|9837
16678|3181|3052865|339346
16678|641207|2426752|144547
16678|3181|2985211|330123
16678|3181|3054041|339346
16678|1203761|3863721|448643
